,visitor_score,home_score,MOV,mov
0,7,9,2,-2
1,3,6,3,-3
2,0,6,6,-6
3,8,4,4,4
4,5,3,2,2
5,4,5,1,-1
6,3,6,3,-3
7,5,16,11,-11
8,11,6,5,5
9,5,2,3,3
10,5,3,2,2
11,1,7,6,-6
12,5,11,6,-6
13,11,1,10,10
14,5,3,2,2
15,6,4,2,2
16,1,2,1,-1
17,3,4,1,-1
18,6,3,3,3
19,3,0,3,3
20,5,7,2,-2
21,4,2,2,2
22,3,1,2,2
23,5,3,2,2
24,2,3,1,-1
25,5,6,1,-1
26,3,4,1,-1
27,7,4,3,3
28,3,5,2,-2
29,2,3,1,-1
30,6,3,3,3
31,10,4,6,6
32,4,5,1,-1
33,7,6,1,1
34,3,4,1,-1
35,8,4,4,4
36,10,1,9,9
37,5,3,2,2
38,7,3,4,4
39,2,6,4,-4
40,5,4,1,1
41,3,1,2,2
42,2,0,2,2
43,1,2,1,-1
44,3,1,2,2
45,10,2,8,8
46,5,6,1,-1
47,10,4,6,6
48,7,6,1,1
49,4,3,1,1
50,2,5,3,-3
51,3,4,1,-1
52,3,9,6,-6
53,2,6,4,-4
54,1,9,8,-8
55,4,5,1,-1
56,0,7,7,-7
57,7,3,4,4
58,8,0,8,8
59,5,4,1,1
60,2,8,6,-6
61,4,5,1,-1
62,3,4,1,-1
63,3,0,3,3
64,2,1,1,1
65,2,4,2,-2
66,8,3,5,5
67,10,0,10,10
68,4,3,1,1
69,6,3,3,3
70,4,3,1,1
71,5,4,1,1
72,6,7,1,-1
73,9,6,3,3
74,7,1,6,6
75,4,3,1,1
76,7,2,5,5
77,9,4,5,5
78,5,2,3,3
79,4,5,1,-1
80,8,9,1,-1
81,8,6,2,2
82,7,3,4,4
83,2,9,7,-7
84,6,15,9,-9
85,1,3,2,-2
86,2,4,2,-2
87,5,6,1,-1
88,2,1,1,1
89,7,8,1,-1
90,5,2,3,3
91,3,6,3,-3
92,5,1,4,4
93,4,2,2,2
94,10,5,5,5
95,2,5,3,-3
96,4,0,4,4
97,8,7,1,1
98,5,9,4,-4
99,6,5,1,1
100,4,7,3,-3
101,2,17,15,-15
102,3,9,6,-6
103,0,5,5,-5
104,8,6,2,2
105,5,6,1,-1
106,5,7,2,-2
107,0,3,3,-3
108,2,4,2,-2
109,3,11,8,-8
110,10,8,2,2
111,5,9,4,-4
112,6,5,1,1
113,9,1,8,8
114,6,2,4,4
115,7,3,4,4
116,6,3,3,3
117,5,3,2,2
118,2,4,2,-2
119,11,1,10,10
120,6,7,1,-1
121,5,6,1,-1
122,3,5,2,-2
123,9,7,2,2
124,7,14,7,-7
125,6,1,5,5
126,0,6,6,-6
127,1,2,1,-1
128,2,3,1,-1
129,0,8,8,-8
130,2,6,4,-4
131,2,6,4,-4
132,3,7,4,-4
133,8,6,2,2
134,5,0,5,5
135,2,10,8,-8
136,5,6,1,-1
137,7,5,2,2
138,6,2,4,4
139,5,1,4,4
140,3,1,2,2
141,2,6,4,-4
142,3,10,7,-7
143,1,5,4,-4
144,2,4,2,-2
145,3,11,8,-8
146,7,5,2,2
147,5,9,4,-4
148,2,7,5,-5
149,8,10,2,-2
150,6,8,2,-2
151,3,4,1,-1
152,3,6,3,-3
153,3,4,1,-1
154,3,5,2,-2
155,6,5,1,1
156,2,3,1,-1
157,5,6,1,-1
158,3,7,4,-4
159,3,4,1,-1
160,2,4,2,-2
161,6,3,3,3
162,4,0,4,4
163,4,3,1,1
164,9,0,9,9
165,5,1,4,4
166,4,5,1,-1
167,0,5,5,-5
168,2,1,1,1
169,0,8,8,-8
170,7,1,6,6
171,4,7,3,-3
172,10,5,5,5
173,2,5,3,-3
174,8,3,5,5
175,4,2,2,2
176,3,1,2,2
177,3,4,1,-1
178,3,2,1,1
179,1,2,1,-1
180,2,0,2,2
181,3,5,2,-2
182,3,5,2,-2
183,3,5,2,-2
184,11,7,4,4
185,0,2,2,-2
186,8,2,6,6
187,2,8,6,-6
188,1,8,7,-7
189,4,2,2,2
190,1,6,5,-5
191,2,3,1,-1
192,2,5,3,-3
193,5,6,1,-1
194,6,7,1,-1
195,1,4,3,-3
196,1,5,4,-4
197,7,3,4,4
198,1,3,2,-2
199,3,4,1,-1
200,7,9,2,-2
201,3,4,1,-1
202,9,11,2,-2
203,5,7,2,-2
204,0,4,4,-4
205,8,1,7,7
206,0,1,1,-1
207,10,4,6,6
208,4,3,1,1
209,7,8,1,-1
210,12,0,12,12
211,0,6,6,-6
212,3,1,2,2
213,1,4,3,-3
214,4,3,1,1
215,9,4,5,5
216,2,0,2,2
217,14,6,8,8
218,4,5,1,-1
219,9,3,6,6
220,8,0,8,8
221,2,5,3,-3
222,4,6,2,-2
223,5,4,1,1
224,3,0,3,3
225,10,2,8,8
226,8,1,7,7
227,2,4,2,-2
228,8,3,5,5
229,5,8,3,-3
230,5,1,4,4
231,2,5,3,-3
232,20,0,20,20
233,2,0,2,2
234,4,6,2,-2
235,3,4,1,-1
236,6,7,1,-1
237,8,3,5,5
238,0,10,10,-10
239,6,5,1,1
240,4,5,1,-1
241,4,7,3,-3
242,10,4,6,6
243,3,4,1,-1
244,8,1,7,7
245,2,5,3,-3
246,1,4,3,-3
247,1,5,4,-4
248,7,1,6,6
249,6,7,1,-1
250,4,5,1,-1
251,9,7,2,2
252,6,1,5,5
253,3,9,6,-6
254,8,4,4,4
255,3,2,1,1
256,5,0,5,5
257,4,1,3,3
258,1,8,7,-7
259,2,5,3,-3
260,5,1,4,4
261,1,3,2,-2
262,0,2,2,-2
263,4,3,1,1
264,4,8,4,-4
265,7,6,1,1
266,2,3,1,-1
267,3,4,1,-1
268,0,11,11,-11
269,0,6,6,-6
270,4,8,4,-4
271,6,8,2,-2
272,4,5,1,-1
273,4,8,4,-4
274,3,10,7,-7
275,12,2,10,10
276,0,1,1,-1
277,2,0,2,2
278,0,1,1,-1
279,2,5,3,-3
280,1,3,2,-2
281,8,6,2,2
282,13,12,1,1
283,3,4,1,-1
284,5,3,2,2
285,1,10,9,-9
286,3,17,14,-14
287,1,5,4,-4
288,3,4,1,-1
289,9,2,7,7
290,4,5,1,-1
291,2,0,2,2
292,3,2,1,1
293,6,8,2,-2
294,2,4,2,-2
295,2,1,1,1
296,3,1,2,2
297,1,12,11,-11
298,4,1,3,3
299,6,2,4,4
300,7,3,4,4
301,0,4,4,-4
302,5,10,5,-5
303,2,6,4,-4
304,4,5,1,-1
305,3,4,1,-1
306,8,3,5,5
307,6,11,5,-5
308,6,5,1,1
309,3,10,7,-7
310,5,6,1,-1
311,2,0,2,2
312,3,2,1,1
313,12,11,1,1
314,6,4,2,2
315,6,4,2,2
316,6,5,1,1
317,3,7,4,-4
318,7,6,1,1
319,0,6,6,-6
320,4,0,4,4
321,0,3,3,-3
322,1,11,10,-10
323,7,5,2,2
324,3,6,3,-3
325,13,5,8,8
326,4,2,2,2
327,2,0,2,2
328,0,9,9,-9
329,4,10,6,-6
330,4,5,1,-1
331,9,3,6,6
332,6,10,4,-4
333,4,6,2,-2
334,2,0,2,2
335,3,2,1,1
336,2,10,8,-8
337,2,4,2,-2
338,5,11,6,-6
339,7,1,6,6
340,2,6,4,-4
341,9,1,8,8
342,0,3,3,-3
343,2,5,3,-3
344,3,2,1,1
345,9,12,3,-3
346,4,5,1,-1
347,2,3,1,-1
348,7,6,1,1
349,6,3,3,3
350,4,2,2,2
351,4,3,1,1
352,1,10,9,-9
353,5,7,2,-2
354,1,7,6,-6
355,1,5,4,-4
356,0,10,10,-10
357,2,1,1,1
358,1,6,5,-5
359,3,6,3,-3
360,2,3,1,-1
361,8,3,5,5
362,1,5,4,-4
363,3,12,9,-9
364,3,1,2,2
365,0,1,1,-1
366,3,9,6,-6
367,1,7,6,-6
368,5,10,5,-5
369,3,9,6,-6
370,3,9,6,-6
371,5,11,6,-6
372,0,8,8,-8
373,4,1,3,3
374,0,6,6,-6
375,8,17,9,-9
376,1,5,4,-4
377,5,1,4,4
378,4,10,6,-6
379,1,4,3,-3
380,4,2,2,2
381,2,3,1,-1
382,9,1,8,8
383,6,3,3,3
384,5,2,3,3
385,1,5,4,-4
386,7,2,5,5
387,8,5,3,3
388,3,4,1,-1
389,1,4,3,-3
390,6,7,1,-1
391,5,2,3,3
392,5,4,1,1
393,9,6,3,3
394,1,0,1,1
395,11,6,5,5
396,1,2,1,-1
397,2,3,1,-1
398,2,3,1,-1
399,3,6,3,-3
400,1,3,2,-2
401,2,9,7,-7
402,5,4,1,1
403,4,5,1,-1
404,5,7,2,-2
405,1,4,3,-3
406,8,3,5,5
407,4,5,1,-1
408,3,2,1,1
409,2,4,2,-2
410,11,3,8,8
411,0,4,4,-4
412,2,4,2,-2
413,6,5,1,1
414,7,6,1,1
415,6,11,5,-5
416,2,0,2,2
417,2,0,2,2
418,8,0,8,8
419,12,13,1,-1
420,6,3,3,3
421,6,3,3,3
422,3,7,4,-4
423,2,7,5,-5
424,1,11,10,-10
425,2,3,1,-1
426,10,3,7,7
427,7,4,3,3
428,4,1,3,3
429,8,0,8,8
430,1,4,3,-3
431,3,2,1,1
432,14,7,7,7
433,7,0,7,7
434,5,6,1,-1
435,4,6,2,-2
436,0,7,7,-7
437,4,3,1,1
438,4,2,2,2
439,14,3,11,11
440,3,7,4,-4
441,6,4,2,2
442,7,3,4,4
443,1,6,5,-5
444,2,4,2,-2
445,4,3,1,1
446,2,3,1,-1
447,17,3,14,14
448,2,14,12,-12
449,2,1,1,1
450,8,0,8,8
451,4,5,1,-1
452,4,1,3,3
453,0,2,2,-2
454,4,5,1,-1
455,3,9,6,-6
456,9,7,2,2
457,4,7,3,-3
458,0,6,6,-6
459,0,4,4,-4
460,1,8,7,-7
461,4,6,2,-2
462,6,1,5,5
463,3,5,2,-2
464,3,4,1,-1
465,0,2,2,-2
466,6,5,1,1
467,3,5,2,-2
468,11,4,7,7
469,2,3,1,-1
470,4,5,1,-1
471,6,7,1,-1
472,4,5,1,-1
473,7,3,4,4
474,4,2,2,2
475,9,5,4,4
476,8,2,6,6
477,3,2,1,1
478,2,1,1,1
479,7,2,5,5
480,5,1,4,4
481,1,6,5,-5
482,8,2,6,6
483,5,2,3,3
484,7,6,1,1
485,13,3,10,10
486,3,2,1,1
487,11,3,8,8
488,6,8,2,-2
489,9,0,9,9
490,3,2,1,1
491,6,3,3,3
492,4,3,1,1
493,2,5,3,-3
494,3,2,1,1
495,0,2,2,-2
496,8,0,8,8
497,4,0,4,4
498,2,3,1,-1
499,1,10,9,-9
500,6,3,3,3
501,3,4,1,-1
502,3,4,1,-1
503,9,2,7,7
504,6,4,2,2
505,5,0,5,5
506,5,2,3,3
507,9,6,3,3
508,5,6,1,-1
509,0,6,6,-6
510,4,6,2,-2
511,1,2,1,-1
512,14,6,8,8
513,1,2,1,-1
514,1,0,1,1
515,4,1,3,3
516,0,4,4,-4
517,1,8,7,-7
518,7,2,5,5
519,1,6,5,-5
520,4,8,4,-4
521,4,3,1,1
522,10,16,6,-6
523,5,6,1,-1
524,10,6,4,4
525,4,3,1,1
526,2,7,5,-5
527,9,5,4,4
528,4,3,1,1
529,2,8,6,-6
530,3,12,9,-9
531,8,2,6,6
532,6,7,1,-1
533,5,4,1,1
534,1,7,6,-6
535,2,3,1,-1
536,0,6,6,-6
537,11,1,10,10
538,4,3,1,1
539,3,4,1,-1
540,2,6,4,-4
541,3,4,1,-1
542,5,7,2,-2
543,10,6,4,4
544,4,1,3,3
545,1,2,1,-1
546,0,4,4,-4
547,5,1,4,4
548,1,5,4,-4
549,3,5,2,-2
550,6,3,3,3
551,1,2,1,-1
552,2,5,3,-3
553,1,13,12,-12
554,3,4,1,-1
555,2,7,5,-5
556,1,2,1,-1
557,8,10,2,-2
558,4,2,2,2
559,1,0,1,1
560,3,4,1,-1
561,4,3,1,1
562,9,11,2,-2
563,4,8,4,-4
564,3,4,1,-1
565,3,4,1,-1
566,8,3,5,5
567,3,2,1,1
568,2,4,2,-2
569,3,6,3,-3
570,5,1,4,4
571,2,6,4,-4
572,2,12,10,-10
573,1,3,2,-2
574,2,6,4,-4
575,3,4,1,-1
576,6,2,4,4
577,7,6,1,1
578,5,6,1,-1
579,2,6,4,-4
580,7,8,1,-1
581,2,11,9,-9
582,2,3,1,-1
583,2,6,4,-4
584,4,5,1,-1
585,0,8,8,-8
586,3,7,4,-4
587,2,1,1,1
588,7,6,1,1
589,2,3,1,-1
590,2,3,1,-1
591,3,2,1,1
592,8,4,4,4
593,10,6,4,4
594,5,1,4,4
595,3,2,1,1
596,3,4,1,-1
597,1,13,12,-12
598,4,5,1,-1
599,3,7,4,-4
600,10,5,5,5
601,4,1,3,3
602,4,6,2,-2
603,5,1,4,4
604,3,5,2,-2
605,2,6,4,-4
606,6,5,1,1
607,9,3,6,6
608,8,6,2,2
609,5,2,3,3
610,3,4,1,-1
611,7,13,6,-6
612,7,8,1,-1
613,9,10,1,-1
614,4,0,4,4
615,1,4,3,-3
616,4,5,1,-1
617,4,3,1,1
618,2,4,2,-2
619,10,7,3,3
620,0,8,8,-8
621,7,4,3,3
622,2,9,7,-7
623,3,15,12,-12
624,1,6,5,-5
625,8,15,7,-7
626,1,2,1,-1
627,6,8,2,-2
628,1,2,1,-1
629,1,4,3,-3
630,2,1,1,1
631,1,5,4,-4
632,7,0,7,7
633,5,9,4,-4
634,5,3,2,2
635,1,4,3,-3
636,6,4,2,2
637,3,0,3,3
638,7,8,1,-1
639,0,1,1,-1
640,2,1,1,1
641,5,4,1,1
642,5,8,3,-3
643,4,2,2,2
644,4,6,2,-2
645,3,5,2,-2
646,5,0,5,5
647,4,2,2,2
648,10,7,3,3
649,6,7,1,-1
650,13,0,13,13
651,3,4,1,-1
652,11,7,4,4
653,4,3,1,1
654,0,3,3,-3
655,8,1,7,7
656,5,4,1,1
657,12,4,8,8
658,10,6,4,4
659,6,2,4,4
660,4,6,2,-2
661,8,3,5,5
662,2,3,1,-1
663,5,6,1,-1
664,3,4,1,-1
665,6,0,6,6
666,7,2,5,5
667,6,1,5,5
668,5,7,2,-2
669,3,8,5,-5
670,1,5,4,-4
671,3,7,4,-4
672,8,7,1,1
673,1,0,1,1
674,3,5,2,-2
675,2,0,2,2
676,0,3,3,-3
677,2,1,1,1
678,2,3,1,-1
679,4,6,2,-2
680,1,6,5,-5
681,0,8,8,-8
682,0,1,1,-1
683,2,4,2,-2
684,5,6,1,-1
685,6,1,5,5
686,5,4,1,1
687,2,5,3,-3
688,3,2,1,1
689,4,5,1,-1
690,11,3,8,8
691,8,5,3,3
692,0,4,4,-4
693,3,7,4,-4
694,7,3,4,4
695,5,0,5,5
696,0,5,5,-5
697,1,2,1,-1
698,7,3,4,4
699,7,5,2,2
700,4,3,1,1
701,2,8,6,-6
702,1,5,4,-4
703,0,1,1,-1
704,2,8,6,-6
705,2,8,6,-6
706,8,3,5,5
707,3,4,1,-1
708,0,3,3,-3
709,8,3,5,5
710,4,5,1,-1
711,8,3,5,5
712,12,5,7,7
713,5,4,1,1
714,1,2,1,-1
715,2,8,6,-6
716,4,2,2,2
717,0,5,5,-5
718,3,7,4,-4
719,7,1,6,6
720,6,15,9,-9
721,5,4,1,1
722,3,2,1,1
723,0,2,2,-2
724,5,3,2,2
725,0,5,5,-5
726,1,5,4,-4
727,0,1,1,-1
728,6,0,6,6
729,3,8,5,-5
730,13,11,2,2
731,5,8,3,-3
732,2,5,3,-3
733,3,6,3,-3
734,0,5,5,-5
735,2,12,10,-10
736,3,11,8,-8
737,1,0,1,1
738,6,8,2,-2
739,2,4,2,-2
740,1,12,11,-11
741,7,9,2,-2
742,1,8,7,-7
743,2,10,8,-8
744,3,6,3,-3
745,3,7,4,-4
746,8,5,3,3
747,1,6,5,-5
748,2,5,3,-3
749,9,1,8,8
750,2,0,2,2
751,4,3,1,1
752,0,1,1,-1
753,10,4,6,6
754,2,3,1,-1
755,5,6,1,-1
756,4,1,3,3
757,7,1,6,6
758,2,11,9,-9
759,5,4,1,1
760,2,3,1,-1
761,3,9,6,-6
762,5,13,8,-8
763,14,4,10,10
764,4,5,1,-1
765,1,2,1,-1
766,6,18,12,-12
767,4,0,4,4
768,4,12,8,-8
769,4,9,5,-5
770,9,6,3,3
771,3,2,1,1
772,3,6,3,-3
773,1,3,2,-2
774,1,7,6,-6
775,7,6,1,1
776,3,7,4,-4
777,4,6,2,-2
778,7,8,1,-1
779,0,1,1,-1
780,2,3,1,-1
781,4,2,2,2
782,2,1,1,1
783,9,8,1,1
784,4,6,2,-2
785,9,5,4,4
786,0,3,3,-3
787,7,2,5,5
788,1,9,8,-8
789,1,2,1,-1
790,7,3,4,4
791,1,2,1,-1
792,7,4,3,3
793,1,5,4,-4
794,0,1,1,-1
795,1,5,4,-4
796,1,4,3,-3
797,1,4,3,-3
798,9,8,1,1
799,3,4,1,-1
800,6,12,6,-6
801,5,4,1,1
802,3,6,3,-3
803,1,4,3,-3
804,2,3,1,-1
805,4,6,2,-2
806,4,3,1,1
807,11,0,11,11
808,10,1,9,9
809,3,7,4,-4
810,5,4,1,1
811,7,1,6,6
812,6,9,3,-3
813,1,6,5,-5
814,6,7,1,-1
815,1,3,2,-2
816,4,5,1,-1
817,3,4,1,-1
818,2,3,1,-1
819,6,4,2,2
820,0,8,8,-8
821,2,4,2,-2
822,8,2,6,6
823,3,1,2,2
824,4,2,2,2
825,4,3,1,1
826,11,2,9,9
827,1,6,5,-5
828,2,3,1,-1
829,3,4,1,-1
830,8,5,3,3
831,9,3,6,6
832,1,6,5,-5
833,2,6,4,-4
834,3,6,3,-3
835,4,5,1,-1
836,5,1,4,4
837,3,4,1,-1
838,7,8,1,-1
839,2,7,5,-5
840,4,5,1,-1
841,9,4,5,5
842,9,5,4,4
843,4,3,1,1
844,3,2,1,1
845,3,6,3,-3
846,4,5,1,-1
847,6,7,1,-1
848,6,5,1,1
849,6,5,1,1
850,4,3,1,1
851,5,4,1,1
852,4,1,3,3
853,4,2,2,2
854,4,2,2,2
855,4,7,3,-3
856,6,5,1,1
857,1,5,4,-4
858,4,12,8,-8
859,3,1,2,2
860,6,1,5,5
861,12,7,5,5
862,7,2,5,5
863,3,2,1,1
864,3,7,4,-4
865,1,10,9,-9
866,0,9,9,-9
867,1,7,6,-6
868,7,5,2,2
869,3,0,3,3
870,4,3,1,1
871,0,1,1,-1
872,2,3,1,-1
873,1,2,1,-1
874,8,10,2,-2
875,2,5,3,-3
876,4,2,2,2
877,3,15,12,-12
878,0,11,11,-11
879,2,6,4,-4
880,7,1,6,6
881,1,10,9,-9
882,2,12,10,-10
883,1,2,1,-1
884,3,6,3,-3
885,6,2,4,4
886,3,4,1,-1
887,9,4,5,5
888,5,7,2,-2
889,3,4,1,-1
890,0,3,3,-3
891,7,8,1,-1
892,9,8,1,1
893,1,6,5,-5
894,3,2,1,1
895,3,12,9,-9
896,11,7,4,4
897,6,7,1,-1
898,5,4,1,1
899,4,5,1,-1
900,4,2,2,2
901,0,3,3,-3
902,2,0,2,2
903,2,4,2,-2
904,5,1,4,4
905,2,12,10,-10
906,2,7,5,-5
907,2,6,4,-4
908,1,2,1,-1
909,3,4,1,-1
910,14,9,5,5
911,5,2,3,3
912,10,5,5,5
913,6,5,1,1
914,3,5,2,-2
915,10,1,9,9
916,2,6,4,-4
917,3,4,1,-1
918,2,6,4,-4
919,3,1,2,2
920,2,10,8,-8
921,1,7,6,-6
922,3,4,1,-1
923,3,2,1,1
924,3,9,6,-6
925,5,6,1,-1
926,2,7,5,-5
927,2,1,1,1
928,5,11,6,-6
929,0,1,1,-1
930,4,2,2,2
931,4,3,1,1
932,1,7,6,-6
933,4,5,1,-1
934,11,4,7,7
935,5,3,2,2
936,9,4,5,5
937,3,4,1,-1
938,7,3,4,4
939,5,9,4,-4
940,6,1,5,5
941,5,7,2,-2
942,0,1,1,-1
943,7,3,4,4
944,3,10,7,-7
945,6,5,1,1
946,7,2,5,5
947,4,2,2,2
948,2,6,4,-4
949,12,2,10,10
950,6,3,3,3
951,2,10,8,-8
952,3,9,6,-6
953,7,1,6,6
954,3,6,3,-3
955,7,6,1,1
956,4,7,3,-3
957,7,15,8,-8
958,3,9,6,-6
959,3,8,5,-5
960,10,4,6,6
961,9,5,4,4
962,12,0,12,12
963,3,2,1,1
964,6,4,2,2
965,2,8,6,-6
966,4,1,3,3
967,2,4,2,-2
968,1,5,4,-4
969,2,6,4,-4
970,8,4,4,4
971,3,8,5,-5
972,4,2,2,2
973,1,2,1,-1
974,6,3,3,3
975,2,6,4,-4
976,2,6,4,-4
977,6,2,4,4
978,6,3,3,3
979,7,2,5,5
980,7,1,6,6
981,3,6,3,-3
982,2,1,1,1
983,5,8,3,-3
984,6,4,2,2
985,3,8,5,-5
986,2,5,3,-3
987,5,1,4,4
988,7,1,6,6
989,1,3,2,-2
990,2,3,1,-1
991,1,7,6,-6
992,6,4,2,2
993,5,4,1,1
994,6,10,4,-4
995,5,7,2,-2
996,4,0,4,4
997,0,1,1,-1
998,2,3,1,-1
999,4,6,2,-2
1000,7,6,1,1
1001,0,2,2,-2
1002,4,7,3,-3
1003,9,3,6,6
1004,5,9,4,-4
1005,4,3,1,1
1006,2,3,1,-1
1007,4,6,2,-2
1008,2,1,1,1
1009,4,5,1,-1
1010,6,5,1,1
1011,3,5,2,-2
1012,1,5,4,-4
1013,0,3,3,-3
1014,4,5,1,-1
1015,12,0,12,12
1016,7,8,1,-1
1017,9,8,1,1
1018,5,1,4,4
1019,13,10,3,3
1020,4,6,2,-2
1021,5,4,1,1
1022,3,4,1,-1
1023,1,0,1,1
1024,0,2,2,-2
1025,1,3,2,-2
1026,0,4,4,-4
1027,0,1,1,-1
1028,9,6,3,3
1029,5,8,3,-3
1030,1,12,11,-11
1031,6,1,5,5
1032,1,4,3,-3
1033,5,4,1,1
1034,4,1,3,3
1035,3,5,2,-2
1036,4,9,5,-5
1037,3,2,1,1
1038,6,3,3,3
1039,6,4,2,2
1040,4,10,6,-6
1041,1,2,1,-1
1042,3,6,3,-3
1043,10,4,6,6
1044,6,9,3,-3
1045,4,2,2,2
1046,0,2,2,-2
1047,2,1,1,1
1048,3,6,3,-3
1049,9,4,5,5
1050,9,3,6,6
1051,1,2,1,-1
1052,3,1,2,2
1053,5,7,2,-2
1054,6,14,8,-8
1055,1,2,1,-1
1056,3,4,1,-1
1057,1,2,1,-1
1058,7,5,2,2
1059,2,4,2,-2
1060,3,0,3,3
1061,1,8,7,-7
1062,5,4,1,1
1063,3,13,10,-10
1064,1,0,1,1
1065,6,5,1,1
1066,6,8,2,-2
1067,3,6,3,-3
1068,3,5,2,-2
1069,0,5,5,-5
1070,6,7,1,-1
1071,1,0,1,1
1072,10,6,4,4
1073,5,11,6,-6
1074,0,2,2,-2
1075,3,2,1,1
1076,3,5,2,-2
1077,5,6,1,-1
1078,0,5,5,-5
1079,13,11,2,2
1080,5,7,2,-2
1081,0,5,5,-5
1082,6,5,1,1
1083,3,12,9,-9
1084,4,3,1,1
1085,6,7,1,-1
1086,0,6,6,-6
1087,2,4,2,-2
1088,4,14,10,-10
1089,1,0,1,1
1090,7,4,3,3
1091,9,0,9,9
1092,1,3,2,-2
1093,3,10,7,-7
1094,3,0,3,3
1095,2,1,1,1
1096,3,8,5,-5
1097,2,5,3,-3
1098,4,5,1,-1
1099,2,4,2,-2
1100,5,6,1,-1
1101,2,3,1,-1
1102,5,3,2,2
1103,0,5,5,-5
1104,3,5,2,-2
1105,2,7,5,-5
1106,1,5,4,-4
1107,3,4,1,-1
1108,4,6,2,-2
1109,2,1,1,1
1110,4,9,5,-5
1111,5,4,1,1
1112,6,0,6,6
1113,4,2,2,2
1114,3,10,7,-7
1115,3,4,1,-1
1116,8,6,2,2
1117,3,10,7,-7
1118,2,3,1,-1
1119,2,1,1,1
1120,1,10,9,-9
1121,11,2,9,9
1122,10,4,6,6
1123,5,3,2,2
1124,4,2,2,2
1125,8,6,2,2
1126,0,3,3,-3
1127,0,6,6,-6
1128,5,1,4,4
1129,1,2,1,-1
1130,1,3,2,-2
1131,7,5,2,2
1132,0,5,5,-5
1133,2,1,1,1
1134,3,7,4,-4
1135,3,10,7,-7
1136,9,5,4,4
1137,10,6,4,4
1138,4,2,2,2
1139,5,6,1,-1
1140,5,6,1,-1
1141,4,2,2,2
1142,5,8,3,-3
1143,4,5,1,-1
1144,4,3,1,1
1145,4,11,7,-7
1146,7,4,3,3
1147,7,2,5,5
1148,1,3,2,-2
1149,9,6,3,3
1150,6,7,1,-1
1151,5,7,2,-2
1152,6,3,3,3
1153,4,2,2,2
1154,0,8,8,-8
1155,6,4,2,2
1156,6,9,3,-3
1157,9,4,5,5
1158,1,3,2,-2
1159,6,7,1,-1
1160,1,5,4,-4
1161,7,0,7,7
1162,1,4,3,-3
1163,2,0,2,2
1164,3,4,1,-1
1165,6,5,1,1
1166,5,1,4,4
1167,3,13,10,-10
1168,8,2,6,6
1169,4,2,2,2
1170,1,2,1,-1
1171,8,1,7,7
1172,1,6,5,-5
1173,5,4,1,1
1174,2,4,2,-2
1175,3,2,1,1
1176,3,7,4,-4
1177,2,3,1,-1
1178,6,3,3,3
1179,4,1,3,3
1180,1,2,1,-1
1181,2,1,1,1
1182,2,3,1,-1
1183,3,0,3,3
1184,1,7,6,-6
1185,1,2,1,-1
1186,6,1,5,5
1187,5,3,2,2
1188,5,12,7,-7
1189,3,4,1,-1
1190,12,0,12,12
1191,3,6,3,-3
1192,0,2,2,-2
1193,0,3,3,-3
1194,0,5,5,-5
1195,5,3,2,2
1196,4,2,2,2
1197,3,9,6,-6
1198,4,5,1,-1
1199,1,6,5,-5
1200,8,6,2,2
1201,3,11,8,-8
1202,1,3,2,-2
1203,14,1,13,13
1204,1,4,3,-3
1205,1,3,2,-2
1206,11,8,3,3
1207,12,4,8,8
1208,0,1,1,-1
1209,12,5,7,7
1210,5,6,1,-1
1211,0,11,11,-11
1212,6,1,5,5
1213,3,1,2,2
1214,8,1,7,7
1215,7,4,3,3
1216,6,7,1,-1
1217,5,3,2,2
1218,3,1,2,2
1219,3,2,1,1
1220,14,3,11,11
1221,3,4,1,-1
1222,5,8,3,-3
1223,2,3,1,-1
1224,1,7,6,-6
1225,9,5,4,4
1226,2,9,7,-7
1227,9,12,3,-3
1228,3,1,2,2
1229,6,4,2,2
1230,5,6,1,-1
1231,9,3,6,6
1232,9,4,5,5
1233,6,5,1,1
1234,6,1,5,5
1235,8,6,2,2
1236,1,3,2,-2
1237,1,4,3,-3
1238,5,7,2,-2
1239,6,1,5,5
1240,3,2,1,1
1241,2,3,1,-1
1242,1,12,11,-11
1243,7,6,1,1
1244,6,4,2,2
1245,9,12,3,-3
1246,2,6,4,-4
1247,3,7,4,-4
1248,6,1,5,5
1249,0,3,3,-3
1250,6,3,3,3
1251,5,6,1,-1
1252,2,5,3,-3
1253,2,4,2,-2
1254,6,2,4,4
1255,7,3,4,4
1256,4,6,2,-2
1257,3,4,1,-1
1258,5,6,1,-1
1259,8,3,5,5
1260,7,8,1,-1
1261,3,6,3,-3
1262,4,0,4,4
1263,15,2,13,13
1264,3,1,2,2
1265,7,5,2,2
1266,6,7,1,-1
1267,0,1,1,-1
1268,3,1,2,2
1269,2,5,3,-3
1270,6,4,2,2
1271,1,8,7,-7
1272,4,10,6,-6
1273,2,4,2,-2
1274,0,2,2,-2
1275,2,3,1,-1
1276,9,3,6,6
1277,3,4,1,-1
1278,7,1,6,6
1279,2,8,6,-6
1280,3,7,4,-4
1281,6,5,1,1
1282,6,1,5,5
1283,9,3,6,6
1284,7,6,1,1
1285,14,3,11,11
1286,3,2,1,1
1287,8,10,2,-2
1288,8,0,8,8
1289,7,9,2,-2
1290,4,5,1,-1
1291,4,2,2,2
1292,7,9,2,-2
1293,1,8,7,-7
1294,1,5,4,-4
1295,4,7,3,-3
1296,1,15,14,-14
1297,1,4,3,-3
1298,0,4,4,-4
1299,6,1,5,5
1300,5,9,4,-4
1301,4,5,1,-1
1302,2,4,2,-2
1303,1,4,3,-3
1304,7,3,4,4
1305,3,4,1,-1
1306,4,0,4,4
1307,0,1,1,-1
1308,10,5,5,5
1309,5,15,10,-10
1310,6,3,3,3
1311,2,5,3,-3
1312,8,2,6,6
1313,5,6,1,-1
1314,4,1,3,3
1315,3,2,1,1
1316,2,0,2,2
1317,9,7,2,2
1318,4,2,2,2
1319,0,7,7,-7
1320,5,6,1,-1
1321,0,3,3,-3
1322,0,1,1,-1
1323,6,2,4,4
1324,3,8,5,-5
1325,7,2,5,5
1326,8,7,1,1
1327,1,2,1,-1
1328,6,12,6,-6
1329,0,2,2,-2
1330,1,7,6,-6
1331,2,3,1,-1
1332,4,2,2,2
1333,8,4,4,4
1334,2,8,6,-6
1335,5,1,4,4
1336,4,7,3,-3
1337,4,5,1,-1
1338,9,3,6,6
1339,3,4,1,-1
1340,2,3,1,-1
1341,4,0,4,4
1342,5,2,3,3
1343,1,12,11,-11
1344,0,1,1,-1
1345,4,8,4,-4
1346,6,7,1,-1
1347,3,2,1,1
1348,2,3,1,-1
1349,3,4,1,-1
1350,1,2,1,-1
1351,6,5,1,1
1352,2,3,1,-1
1353,10,5,5,5
1354,6,3,3,3
1355,4,1,3,3
1356,1,8,7,-7
1357,0,2,2,-2
1358,6,12,6,-6
1359,5,8,3,-3
1360,4,8,4,-4
1361,0,2,2,-2
1362,2,1,1,1
1363,10,1,9,9
1364,4,2,2,2
1365,2,7,5,-5
1366,9,6,3,3
1367,6,7,1,-1
1368,5,9,4,-4
1369,6,11,5,-5
1370,6,11,5,-5
1371,1,0,1,1
1372,0,1,1,-1
1373,0,9,9,-9
1374,4,6,2,-2
1375,4,3,1,1
1376,4,5,1,-1
1377,8,1,7,7
1378,8,6,2,2
1379,4,5,1,-1
1380,10,4,6,6
1381,2,1,1,1
1382,6,1,5,5
1383,2,13,11,-11
1384,11,5,6,6
1385,2,7,5,-5
1386,8,9,1,-1
1387,5,2,3,3
1388,3,1,2,2
1389,4,8,4,-4
1390,10,11,1,-1
1391,8,0,8,8
1392,13,1,12,12
1393,4,3,1,1
1394,10,2,8,8
1395,4,5,1,-1
1396,4,0,4,4
1397,2,3,1,-1
1398,1,4,3,-3
1399,7,14,7,-7
1400,7,8,1,-1
1401,10,0,10,10
1402,7,5,2,2
1403,9,11,2,-2
1404,1,7,6,-6
1405,5,4,1,1
1406,1,4,3,-3
1407,2,5,3,-3
1408,0,6,6,-6
1409,6,10,4,-4
1410,4,6,2,-2
1411,1,2,1,-1
1412,3,4,1,-1
1413,6,4,2,2
1414,4,3,1,1
1415,8,5,3,3
1416,2,5,3,-3
1417,0,2,2,-2
1418,3,15,12,-12
1419,1,5,4,-4
1420,5,0,5,5
1421,2,5,3,-3
1422,4,10,6,-6
1423,8,6,2,2
1424,2,3,1,-1
1425,3,0,3,3
1426,0,8,8,-8
1427,7,1,6,6
1428,2,3,1,-1
1429,0,2,2,-2
1430,3,2,1,1
1431,2,0,2,2
1432,2,3,1,-1
1433,1,3,2,-2
1434,1,7,6,-6
1435,5,1,4,4
1436,2,1,1,1
1437,0,1,1,-1
1438,7,4,3,3
1439,0,5,5,-5
1440,6,7,1,-1
1441,6,4,2,2
1442,6,1,5,5
1443,5,7,2,-2
1444,0,6,6,-6
1445,5,3,2,2
1446,7,2,5,5
1447,6,3,3,3
1448,3,2,1,1
1449,7,4,3,3
1450,2,10,8,-8
1451,1,5,4,-4
1452,6,2,4,4
1453,10,4,6,6
1454,5,6,1,-1
1455,10,5,5,5
1456,7,0,7,7
1457,2,3,1,-1
1458,3,4,1,-1
1459,2,10,8,-8
1460,9,2,7,7
1461,10,4,6,6
1462,4,2,2,2
1463,5,3,2,2
1464,5,6,1,-1
1465,6,12,6,-6
1466,4,6,2,-2
1467,2,4,2,-2
1468,4,6,2,-2
1469,3,2,1,1
1470,4,3,1,1
1471,4,5,1,-1
1472,0,4,4,-4
1473,0,1,1,-1
1474,3,8,5,-5
1475,3,4,1,-1
1476,6,3,3,3
1477,6,3,3,3
1478,1,6,5,-5
1479,3,2,1,1
1480,19,1,18,18
1481,0,5,5,-5
1482,5,9,4,-4
1483,5,2,3,3
1484,2,3,1,-1
1485,4,5,1,-1
1486,4,3,1,1
1487,4,2,2,2
1488,0,11,11,-11
1489,1,4,3,-3
1490,11,2,9,9
1491,2,3,1,-1
1492,1,3,2,-2
1493,2,8,6,-6
1494,4,2,2,2
1495,1,6,5,-5
1496,12,4,8,8
1497,2,8,6,-6
1498,5,9,4,-4
1499,2,0,2,2
1500,4,6,2,-2
1501,0,3,3,-3
1502,7,3,4,4
1503,5,6,1,-1
1504,8,0,8,8
1505,6,4,2,2
1506,4,7,3,-3
1507,3,1,2,2
1508,0,5,5,-5
1509,6,2,4,4
1510,1,8,7,-7
1511,10,2,8,8
1512,8,7,1,1
1513,1,7,6,-6
1514,1,6,5,-5
1515,9,10,1,-1
1516,3,1,2,2
1517,5,9,4,-4
1518,11,4,7,7
1519,6,5,1,1
1520,2,4,2,-2
1521,4,7,3,-3
1522,3,9,6,-6
1523,0,4,4,-4
1524,2,3,1,-1
1525,2,3,1,-1
1526,5,0,5,5
1527,3,5,2,-2
1528,7,9,2,-2
1529,6,5,1,1
1530,1,6,5,-5
1531,5,7,2,-2
1532,3,5,2,-2
1533,2,3,1,-1
1534,1,8,7,-7
1535,6,4,2,2
1536,2,17,15,-15
1537,0,5,5,-5
1538,9,6,3,3
1539,4,2,2,2
1540,5,6,1,-1
1541,0,1,1,-1
1542,1,8,7,-7
1543,2,1,1,1
1544,4,5,1,-1
1545,6,2,4,4
1546,3,4,1,-1
1547,0,4,4,-4
1548,5,4,1,1
1549,2,1,1,1
1550,2,5,3,-3
1551,5,6,1,-1
1552,0,6,6,-6
1553,4,5,1,-1
1554,6,3,3,3
1555,1,2,1,-1
1556,1,11,10,-10
1557,5,7,2,-2
1558,1,4,3,-3
1559,3,4,1,-1
1560,1,4,3,-3
1561,4,5,1,-1
1562,0,4,4,-4
1563,0,3,3,-3
1564,5,4,1,1
1565,1,2,1,-1
1566,7,8,1,-1
1567,2,5,3,-3
1568,14,1,13,13
1569,4,5,1,-1
1570,0,2,2,-2
1571,1,9,8,-8
1572,6,4,2,2
1573,6,5,1,1
1574,8,6,2,2
1575,0,6,6,-6
1576,2,4,2,-2
1577,3,1,2,2
1578,1,4,3,-3
1579,18,1,17,17
1580,10,5,5,5
1581,4,0,4,4
1582,9,4,5,5
1583,3,6,3,-3
1584,1,3,2,-2
1585,12,2,10,10
1586,1,7,6,-6
1587,8,2,6,6
1588,3,2,1,1
1589,2,3,1,-1
1590,4,6,2,-2
1591,1,6,5,-5
1592,3,2,1,1
1593,4,3,1,1
1594,10,0,10,10
1595,6,1,5,5
1596,1,2,1,-1
1597,6,7,1,-1
1598,18,4,14,14
1599,7,9,2,-2
1600,9,1,8,8
1601,4,1,3,3
1602,1,5,4,-4
1603,3,4,1,-1
1604,11,6,5,5
1605,2,1,1,1
1606,7,2,5,5
1607,3,8,5,-5
1608,3,15,12,-12
1609,1,6,5,-5
1610,7,2,5,5
1611,0,9,9,-9
1612,9,4,5,5
1613,4,8,4,-4
1614,4,5,1,-1
1615,2,6,4,-4
1616,6,4,2,2
1617,6,0,6,6
1618,8,6,2,2
1619,4,8,4,-4
1620,2,3,1,-1
1621,5,4,1,1
1622,5,0,5,5
1623,1,5,4,-4
1624,1,2,1,-1
1625,6,7,1,-1
1626,4,2,2,2
1627,6,3,3,3
1628,5,1,4,4
1629,1,7,6,-6
1630,1,2,1,-1
1631,1,2,1,-1
1632,3,2,1,1
1633,3,0,3,3
1634,7,0,7,7
1635,6,3,3,3
1636,5,6,1,-1
1637,5,7,2,-2
1638,6,3,3,3
1639,4,2,2,2
1640,7,2,5,5
1641,10,1,9,9
1642,2,5,3,-3
1643,2,6,4,-4
1644,2,1,1,1
1645,11,17,6,-6
1646,5,6,1,-1
1647,0,3,3,-3
1648,4,3,1,1
1649,4,5,1,-1
1650,2,3,1,-1
1651,2,5,3,-3
1652,1,0,1,1
1653,7,8,1,-1
1654,3,4,1,-1
1655,5,4,1,1
1656,4,9,5,-5
1657,2,7,5,-5
1658,2,3,1,-1
1659,2,3,1,-1
1660,0,1,1,-1
1661,10,1,9,9
1662,3,6,3,-3
1663,11,4,7,7
1664,3,8,5,-5
1665,6,11,5,-5
1666,5,6,1,-1
1667,8,4,4,4
1668,4,6,2,-2
1669,2,3,1,-1
1670,6,3,3,3
1671,2,1,1,1
1672,1,3,2,-2
1673,7,3,4,4
1674,4,10,6,-6
1675,7,4,3,3
1676,3,4,1,-1
1677,1,3,2,-2
1678,12,6,6,6
1679,14,8,6,6
1680,8,0,8,8
1681,0,2,2,-2
1682,3,4,1,-1
1683,7,5,2,2
1684,8,4,4,4
1685,4,2,2,2
1686,2,1,1,1
1687,0,1,1,-1
1688,15,9,6,6
1689,1,4,3,-3
1690,8,6,2,2
1691,8,2,6,6
1692,1,2,1,-1
1693,1,6,5,-5
1694,3,1,2,2
1695,2,3,1,-1
1696,5,1,4,4
1697,7,6,1,1
1698,10,1,9,9
1699,6,1,5,5
1700,8,2,6,6
1701,8,2,6,6
1702,6,2,4,4
1703,0,2,2,-2
1704,5,8,3,-3
1705,4,5,1,-1
1706,9,5,4,4
1707,6,1,5,5
1708,1,4,3,-3
1709,4,3,1,1
1710,5,6,1,-1
1711,4,8,4,-4
1712,0,4,4,-4
1713,9,10,1,-1
1714,0,3,3,-3
1715,7,8,1,-1
1716,5,0,5,5
1717,3,0,3,3
1718,4,8,4,-4
1719,3,2,1,1
1720,3,4,1,-1
1721,3,4,1,-1
1722,5,0,5,5
1723,9,10,1,-1
1724,0,1,1,-1
1725,2,7,5,-5
1726,4,5,1,-1
1727,1,4,3,-3
1728,0,1,1,-1
1729,3,2,1,1
1730,3,6,3,-3
1731,2,4,2,-2
1732,2,7,5,-5
1733,3,2,1,1
1734,9,3,6,6
1735,8,3,5,5
1736,0,2,2,-2
1737,3,7,4,-4
1738,3,1,2,2
1739,2,1,1,1
1740,4,5,1,-1
1741,5,4,1,1
1742,2,3,1,-1
1743,4,0,4,4
1744,2,3,1,-1
1745,3,2,1,1
1746,9,2,7,7
1747,4,1,3,3
1748,13,8,5,5
1749,1,9,8,-8
1750,0,1,1,-1
1751,2,4,2,-2
1752,2,3,1,-1
1753,3,7,4,-4
1754,1,13,12,-12
1755,0,2,2,-2
1756,5,6,1,-1
1757,2,8,6,-6
1758,3,1,2,2
1759,8,2,6,6
1760,9,7,2,2
1761,3,5,2,-2
1762,4,5,1,-1
1763,3,1,2,2
1764,3,1,2,2
1765,4,6,2,-2
1766,3,4,1,-1
1767,9,5,4,4
1768,3,1,2,2
1769,1,7,6,-6
1770,4,0,4,4
1771,0,6,6,-6
1772,1,2,1,-1
1773,6,7,1,-1
1774,2,6,4,-4
1775,2,6,4,-4
1776,1,10,9,-9
1777,6,2,4,4
1778,2,10,8,-8
1779,1,0,1,1
1780,3,4,1,-1
1781,0,6,6,-6
1782,3,9,6,-6
1783,6,0,6,6
1784,3,2,1,1
1785,6,5,1,1
1786,5,7,2,-2
1787,7,9,2,-2
1788,6,7,1,-1
1789,5,9,4,-4
1790,4,5,1,-1
1791,6,8,2,-2
1792,11,7,4,4
1793,2,3,1,-1
1794,5,1,4,4
1795,3,2,1,1
1796,3,2,1,1
1797,2,8,6,-6
1798,3,2,1,1
1799,3,2,1,1
1800,0,4,4,-4
1801,7,2,5,5
1802,7,3,4,4
1803,11,0,11,11
1804,5,11,6,-6
1805,3,4,1,-1
1806,9,5,4,4
1807,6,2,4,4
1808,5,3,2,2
1809,2,3,1,-1
1810,0,2,2,-2
1811,5,2,3,3
1812,4,2,2,2
1813,2,0,2,2
1814,16,2,14,14
1815,0,6,6,-6
1816,2,7,5,-5
1817,6,0,6,6
1818,4,5,1,-1
1819,3,4,1,-1
1820,5,3,2,2
1821,0,9,9,-9
1822,3,1,2,2
1823,6,10,4,-4
1824,0,1,1,-1
1825,7,2,5,5
1826,6,3,3,3
1827,6,8,2,-2
1828,4,5,1,-1
1829,2,5,3,-3
1830,5,6,1,-1
1831,7,6,1,1
1832,9,3,6,6
1833,5,9,4,-4
1834,5,4,1,1
1835,1,3,2,-2
1836,4,5,1,-1
1837,3,6,3,-3
1838,5,8,3,-3
1839,5,6,1,-1
1840,8,1,7,7
1841,5,1,4,4
1842,1,5,4,-4
1843,6,4,2,2
1844,0,5,5,-5
1845,1,8,7,-7
1846,2,3,1,-1
1847,0,4,4,-4
1848,0,10,10,-10
1849,3,2,1,1
1850,1,0,1,1
1851,16,5,11,11
1852,2,1,1,1
1853,5,2,3,3
1854,7,3,4,4
1855,0,6,6,-6
1856,1,2,1,-1
1857,0,9,9,-9
1858,4,3,1,1
1859,3,6,3,-3
1860,3,12,9,-9
1861,0,4,4,-4
1862,2,3,1,-1
1863,4,5,1,-1
1864,3,2,1,1
1865,10,2,8,8
1866,2,11,9,-9
1867,9,1,8,8
1868,10,3,7,7
1869,5,7,2,-2
1870,5,0,5,5
1871,1,9,8,-8
1872,3,4,1,-1
1873,11,5,6,6
1874,2,5,3,-3
1875,5,3,2,2
1876,5,6,1,-1
1877,4,2,2,2
1878,3,4,1,-1
1879,0,5,5,-5
1880,5,16,11,-11
1881,5,4,1,1
1882,3,12,9,-9
1883,3,5,2,-2
1884,4,2,2,2
1885,4,2,2,2
1886,6,1,5,5
1887,4,3,1,1
1888,3,4,1,-1
1889,3,6,3,-3
1890,10,12,2,-2
1891,5,4,1,1
1892,5,4,1,1
1893,3,2,1,1
1894,2,5,3,-3
1895,3,9,6,-6
1896,12,11,1,1
1897,4,0,4,4
1898,0,8,8,-8
1899,2,3,1,-1
1900,6,4,2,2
1901,7,1,6,6
1902,7,1,6,6
1903,11,4,7,7
1904,5,1,4,4
1905,11,5,6,6
1906,10,11,1,-1
1907,3,1,2,2
1908,4,9,5,-5
1909,4,15,11,-11
1910,6,3,3,3
1911,3,1,2,2
1912,3,7,4,-4
1913,2,3,1,-1
1914,7,1,6,6
1915,1,7,6,-6
1916,6,2,4,4
1917,2,7,5,-5
1918,1,2,1,-1
1919,3,2,1,1
1920,6,0,6,6
1921,4,2,2,2
1922,5,0,5,5
1923,12,9,3,3
1924,3,4,1,-1
1925,1,0,1,1
1926,2,3,1,-1
1927,5,0,5,5
1928,4,5,1,-1
1929,3,12,9,-9
1930,3,2,1,1
1931,3,5,2,-2
1932,7,8,1,-1
1933,4,1,3,3
1934,3,1,2,2
1935,11,3,8,8
1936,5,14,9,-9
1937,1,0,1,1
1938,2,1,1,1
1939,6,2,4,4
1940,1,2,1,-1
1941,3,5,2,-2
1942,8,2,6,6
1943,10,4,6,6
1944,6,7,1,-1
1945,5,7,2,-2
1946,5,10,5,-5
1947,4,8,4,-4
1948,1,5,4,-4
1949,5,0,5,5
1950,7,9,2,-2
1951,2,4,2,-2
1952,10,6,4,4
1953,3,0,3,3
1954,5,11,6,-6
1955,5,3,2,2
1956,2,6,4,-4
1957,2,7,5,-5
1958,3,9,6,-6
1959,2,14,12,-12
1960,4,5,1,-1
1961,9,3,6,6
1962,0,3,3,-3
1963,0,3,3,-3
1964,2,1,1,1
1965,2,5,3,-3
1966,4,3,1,1
1967,9,10,1,-1
1968,3,4,1,-1
1969,3,9,6,-6
1970,1,3,2,-2
1971,13,5,8,8
1972,4,7,3,-3
1973,2,9,7,-7
1974,14,7,7,7
1975,4,8,4,-4
1976,0,1,1,-1
1977,0,3,3,-3
1978,8,4,4,4
1979,2,5,3,-3
1980,9,6,3,3
1981,6,4,2,2
1982,4,3,1,1
1983,1,2,1,-1
1984,3,4,1,-1
1985,4,2,2,2
1986,1,2,1,-1
1987,2,5,3,-3
1988,1,4,3,-3
1989,3,5,2,-2
1990,1,6,5,-5
1991,10,16,6,-6
1992,2,5,3,-3
1993,5,1,4,4
1994,1,2,1,-1
1995,6,4,2,2
1996,10,9,1,1
1997,0,5,5,-5
1998,6,3,3,3
1999,4,2,2,2
2000,12,11,1,1
2001,4,1,3,3
2002,9,5,4,4
2003,3,4,1,-1
2004,3,7,4,-4
2005,0,8,8,-8
2006,0,1,1,-1
2007,3,4,1,-1
2008,6,7,1,-1
2009,1,6,5,-5
2010,2,4,2,-2
2011,0,1,1,-1
2012,5,8,3,-3
2013,4,3,1,1
2014,2,3,1,-1
2015,4,8,4,-4
2016,3,1,2,2
2017,3,1,2,2
2018,6,4,2,2
2019,4,12,8,-8
2020,5,7,2,-2
2021,1,3,2,-2
2022,4,2,2,2
2023,6,5,1,1
2024,3,5,2,-2
2025,2,0,2,2
2026,5,4,1,1
2027,4,5,1,-1
2028,9,2,7,7
2029,6,2,4,4
2030,6,1,5,5
2031,7,8,1,-1
2032,7,5,2,2
2033,1,2,1,-1
2034,5,6,1,-1
2035,7,3,4,4
2036,7,4,3,3
2037,0,3,3,-3
2038,3,2,1,1
2039,18,5,13,13
2040,6,7,1,-1
2041,3,0,3,3
2042,6,2,4,4
2043,8,1,7,7
2044,4,2,2,2
2045,2,4,2,-2
2046,3,2,1,1
2047,5,12,7,-7
2048,5,4,1,1
2049,4,5,1,-1
2050,4,3,1,1
2051,2,6,4,-4
2052,2,7,5,-5
2053,2,0,2,2
2054,4,5,1,-1
2055,5,10,5,-5
2056,8,6,2,2
2057,7,1,6,6
2058,4,7,3,-3
2059,1,3,2,-2
2060,2,4,2,-2
2061,3,13,10,-10
2062,6,1,5,5
2063,14,5,9,9
2064,1,9,8,-8
2065,3,10,7,-7
2066,6,2,4,4
2067,7,5,2,2
2068,5,8,3,-3
2069,6,3,3,3
2070,7,3,4,4
2071,3,4,1,-1
2072,2,4,2,-2
2073,7,8,1,-1
2074,0,5,5,-5
2075,1,2,1,-1
2076,4,1,3,3
2077,3,4,1,-1
2078,5,11,6,-6
2079,1,5,4,-4
2080,3,4,1,-1
2081,2,3,1,-1
2082,3,4,1,-1
2083,8,1,7,7
2084,1,3,2,-2
2085,4,0,4,4
2086,2,9,7,-7
2087,1,8,7,-7
2088,6,10,4,-4
2089,9,3,6,6
2090,0,4,4,-4
2091,3,2,1,1
2092,3,6,3,-3
2093,4,2,2,2
2094,11,4,7,7
2095,5,6,1,-1
2096,2,3,1,-1
2097,7,3,4,4
2098,3,4,1,-1
2099,3,4,1,-1
2100,0,2,2,-2
2101,6,3,3,3
2102,0,5,5,-5
2103,5,6,1,-1
2104,9,8,1,1
2105,6,8,2,-2
2106,3,4,1,-1
2107,4,13,9,-9
2108,4,2,2,2
2109,4,0,4,4
2110,8,4,4,4
2111,1,0,1,1
2112,3,1,2,2
2113,4,7,3,-3
2114,8,2,6,6
2115,1,0,1,1
2116,5,3,2,2
2117,3,4,1,-1
2118,6,7,1,-1
2119,13,1,12,12
2120,3,6,3,-3
2121,4,5,1,-1
2122,1,2,1,-1
2123,6,3,3,3
2124,1,0,1,1
2125,3,4,1,-1
2126,0,1,1,-1
2127,4,1,3,3
2128,0,3,3,-3
2129,6,12,6,-6
2130,6,2,4,4
2131,2,6,4,-4
2132,5,3,2,2
2133,1,4,3,-3
2134,4,5,1,-1
2135,7,3,4,4
2136,3,1,2,2
2137,2,4,2,-2
2138,4,7,3,-3
2139,0,2,2,-2
2140,3,0,3,3
2141,6,1,5,5
2142,6,5,1,1
2143,3,4,1,-1
2144,3,1,2,2
2145,5,1,4,4
2146,0,1,1,-1
2147,0,4,4,-4
2148,2,7,5,-5
2149,6,4,2,2
2150,11,4,7,7
2151,2,4,2,-2
2152,0,1,1,-1
2153,5,1,4,4
2154,3,11,8,-8
2155,9,3,6,6
2156,3,4,1,-1
2157,3,11,8,-8
2158,9,6,3,3
2159,8,7,1,1
2160,4,11,7,-7
2161,6,0,6,6
2162,3,1,2,2
2163,7,6,1,1
2164,2,1,1,1
2165,2,3,1,-1
2166,1,9,8,-8
2167,1,0,1,1
2168,7,2,5,5
2169,1,3,2,-2
2170,9,3,6,6
2171,7,0,7,7
2172,3,6,3,-3
2173,5,1,4,4
2174,3,4,1,-1
2175,7,11,4,-4
2176,4,2,2,2
2177,5,7,2,-2
2178,6,9,3,-3
2179,10,5,5,5
2180,8,6,2,2
2181,7,8,1,-1
2182,1,2,1,-1
2183,7,3,4,4
2184,8,5,3,3
2185,2,3,1,-1
2186,3,1,2,2
2187,2,6,4,-4
2188,2,10,8,-8
2189,0,4,4,-4
2190,4,3,1,1
2191,11,9,2,2
2192,9,2,7,7
2193,11,4,7,7
2194,3,1,2,2
2195,1,2,1,-1
2196,4,3,1,1
2197,2,0,2,2
2198,3,5,2,-2
2199,7,5,2,2
2200,6,4,2,2
2201,1,9,8,-8
2202,3,4,1,-1
2203,3,0,3,3
2204,4,14,10,-10
2205,11,3,8,8
2206,4,3,1,1
2207,6,3,3,3
2208,6,4,2,2
2209,2,4,2,-2
2210,6,1,5,5
2211,3,4,1,-1
2212,5,3,2,2
2213,11,1,10,10
2214,12,2,10,10
2215,4,2,2,2
2216,2,5,3,-3
2217,6,9,3,-3
2218,2,1,1,1
2219,8,4,4,4
2220,3,4,1,-1
2221,0,6,6,-6
2222,9,7,2,2
2223,4,6,2,-2
2224,6,2,4,4
2225,1,2,1,-1
2226,6,3,3,3
2227,13,3,10,10
2228,3,4,1,-1
2229,6,7,1,-1
2230,6,3,3,3
2231,6,7,1,-1
2232,3,4,1,-1
2233,2,9,7,-7
2234,1,4,3,-3
2235,4,7,3,-3
2236,4,2,2,2
2237,5,7,2,-2
2238,3,9,6,-6
2239,6,8,2,-2
2240,0,3,3,-3
2241,0,4,4,-4
2242,5,2,3,3
2243,1,3,2,-2
2244,8,2,6,6
2245,0,2,2,-2
2246,9,1,8,8
2247,9,6,3,3
2248,4,6,2,-2
2249,3,8,5,-5
2250,2,7,5,-5
2251,3,5,2,-2
2252,1,3,2,-2
2253,1,0,1,1
2254,2,5,3,-3
2255,6,0,6,6
2256,4,3,1,1
2257,3,5,2,-2
2258,2,5,3,-3
2259,4,8,4,-4
2260,2,1,1,1
2261,1,6,5,-5
2262,2,4,2,-2
2263,1,5,4,-4
2264,7,2,5,5
2265,4,3,1,1
2266,6,3,3,3
2267,4,8,4,-4
2268,0,2,2,-2
2269,5,7,2,-2
2270,3,1,2,2
2271,1,13,12,-12
2272,0,1,1,-1
2273,6,11,5,-5
2274,3,4,1,-1
2275,4,2,2,2
2276,10,3,7,7
2277,0,5,5,-5
2278,0,1,1,-1
2279,9,10,1,-1
2280,13,0,13,13
2281,1,3,2,-2
2282,3,8,5,-5
2283,9,2,7,7
2284,2,7,5,-5
2285,2,1,1,1
2286,3,7,4,-4
2287,1,10,9,-9
2288,10,8,2,2
2289,10,3,7,7
2290,3,5,2,-2
2291,4,6,2,-2
2292,3,1,2,2
2293,7,1,6,6
2294,2,1,1,1
2295,2,6,4,-4
2296,2,3,1,-1
2297,10,7,3,3
2298,3,4,1,-1
2299,3,8,5,-5
2300,6,2,4,4
2301,1,7,6,-6
2302,10,11,1,-1
2303,7,3,4,4
2304,4,3,1,1
2305,1,9,8,-8
2306,4,5,1,-1
2307,2,5,3,-3
2308,3,7,4,-4
2309,9,10,1,-1
2310,4,0,4,4
2311,5,2,3,3
2312,4,6,2,-2
2313,3,4,1,-1
2314,5,0,5,5
2315,4,3,1,1
2316,3,5,2,-2
2317,1,5,4,-4
2318,3,4,1,-1
2319,16,9,7,7
2320,6,2,4,4
2321,2,5,3,-3
2322,4,5,1,-1
2323,8,7,1,1
2324,4,2,2,2
2325,1,7,6,-6
2326,7,3,4,4
2327,3,9,6,-6
2328,12,2,10,10
2329,2,4,2,-2
2330,5,6,1,-1
2331,6,1,5,5
2332,3,6,3,-3
2333,8,10,2,-2
2334,4,0,4,4
2335,7,5,2,2
2336,5,7,2,-2
2337,1,2,1,-1
2338,3,1,2,2
2339,1,0,1,1
2340,4,6,2,-2
2341,8,0,8,8
2342,2,4,2,-2
2343,4,5,1,-1
2344,1,10,9,-9
2345,0,5,5,-5
2346,3,1,2,2
2347,6,1,5,5
2348,2,3,1,-1
2349,2,3,1,-1
2350,9,7,2,2
2351,3,4,1,-1
2352,5,2,3,3
2353,2,4,2,-2
2354,7,2,5,5
2355,1,2,1,-1
2356,1,2,1,-1
2357,2,5,3,-3
2358,0,4,4,-4
2359,3,4,1,-1
2360,4,2,2,2
2361,2,0,2,2
2362,5,6,1,-1
2363,4,8,4,-4
2364,1,5,4,-4
2365,2,0,2,2
2366,7,6,1,1
2367,8,7,1,1
2368,3,1,2,2
2369,0,3,3,-3
2370,1,3,2,-2
2371,1,4,3,-3
2372,7,1,6,6
2373,2,8,6,-6
2374,2,3,1,-1
2375,13,2,11,11
2376,8,1,7,7
2377,2,3,1,-1
2378,1,9,8,-8
2379,9,11,2,-2
2380,9,2,7,7
2381,1,0,1,1
2382,1,4,3,-3
2383,1,6,5,-5
2384,6,10,4,-4
2385,1,2,1,-1
2386,7,3,4,4
2387,0,7,7,-7
2388,6,3,3,3
2389,9,0,9,9
2390,5,4,1,1
2391,11,5,6,6
2392,4,3,1,1
2393,5,1,4,4
2394,2,0,2,2
2395,7,5,2,2
2396,1,2,1,-1
2397,6,4,2,2
2398,0,3,3,-3
2399,1,2,1,-1
2400,6,5,1,1
2401,6,7,1,-1
2402,2,6,4,-4
2403,4,0,4,4
2404,4,5,1,-1
2405,5,3,2,2
2406,2,6,4,-4
2407,7,0,7,7
2408,4,7,3,-3
2409,0,2,2,-2
2410,8,3,5,5
2411,2,3,1,-1
2412,2,7,5,-5
2413,4,2,2,2
2414,0,1,1,-1
2415,4,2,2,2
2416,4,8,4,-4
2417,5,6,1,-1
2418,3,2,1,1
2419,2,1,1,1
2420,4,3,1,1
2421,6,2,4,4
2422,7,8,1,-1
2423,2,3,1,-1
2424,2,5,3,-3
2425,0,4,4,-4
2426,1,3,2,-2
2427,2,1,1,1
2428,0,3,3,-3
2429,1,6,5,-5
2430,6,7,1,-1
2431,1,2,1,-1
2432,5,3,2,2
2433,2,0,2,2
2434,4,2,2,2
2435,3,6,3,-3
2436,6,3,3,3
2437,7,6,1,1
2438,2,6,4,-4
2439,3,4,1,-1
2440,4,5,1,-1
2441,15,10,5,5
2442,1,2,1,-1
2443,6,2,4,4
2444,4,1,3,3
2445,5,9,4,-4
2446,3,13,10,-10
2447,3,5,2,-2
2448,2,4,2,-2
2449,1,3,2,-2
2450,6,4,2,2
2451,10,0,10,10
2452,4,9,5,-5
2453,11,3,8,8
2454,3,6,3,-3
2455,8,3,5,5
2456,4,5,1,-1
2457,6,10,4,-4
2458,5,2,3,3
2459,3,1,2,2
2460,5,12,7,-7
2461,1,6,5,-5
2462,5,4,1,1
2463,3,12,9,-9
2464,9,2,7,7
2465,5,7,2,-2
2466,3,7,4,-4
2467,0,2,2,-2
2468,11,2,9,9
2469,1,7,6,-6
2470,9,12,3,-3
2471,10,7,3,3
2472,1,7,6,-6
2473,5,1,4,4
2474,1,5,4,-4
2475,4,3,1,1
2476,1,4,3,-3
2477,2,1,1,1
2478,4,3,1,1
2479,1,5,4,-4
2480,3,4,1,-1
2481,4,6,2,-2
2482,5,6,1,-1
2483,2,8,6,-6
2484,0,3,3,-3
2485,2,3,1,-1
2486,0,1,1,-1
2487,7,1,6,6
2488,1,3,2,-2
2489,2,3,1,-1
2490,1,3,2,-2
2491,6,7,1,-1
2492,5,4,1,1
2493,5,3,2,2
2494,2,3,1,-1
2495,6,7,1,-1
2496,6,4,2,2
2497,4,12,8,-8
2498,5,7,2,-2
2499,4,7,3,-3
2500,4,5,1,-1
2501,7,10,3,-3
2502,8,4,4,4
2503,3,1,2,2
2504,7,3,4,4
2505,4,8,4,-4
2506,10,7,3,3
2507,5,1,4,4
2508,3,7,4,-4
2509,3,5,2,-2
2510,3,2,1,1
2511,5,3,2,2
2512,2,4,2,-2
2513,0,11,11,-11
2514,7,1,6,6
2515,5,9,4,-4
2516,1,5,4,-4
2517,0,1,1,-1
2518,3,4,1,-1
2519,2,1,1,1
2520,2,13,11,-11
2521,3,6,3,-3
2522,4,3,1,1
2523,7,4,3,3
2524,6,2,4,4
2525,3,4,1,-1
2526,4,2,2,2
2527,4,5,1,-1
2528,3,2,1,1
2529,6,9,3,-3
2530,9,7,2,2
2531,2,5,3,-3
2532,1,2,1,-1
2533,12,3,9,9
2534,6,1,5,5
2535,10,2,8,8
2536,7,5,2,2
2537,0,6,6,-6
2538,4,8,4,-4
2539,6,4,2,2
2540,4,0,4,4
2541,2,3,1,-1
2542,5,6,1,-1
2543,0,5,5,-5
2544,13,1,12,12
2545,9,4,5,5
2546,2,4,2,-2
2547,3,1,2,2
2548,1,0,1,1
2549,2,1,1,1
2550,8,10,2,-2
2551,3,0,3,3
2552,1,7,6,-6
2553,5,6,1,-1
2554,7,3,4,4
2555,6,5,1,1
2556,2,7,5,-5
2557,6,1,5,5
2558,1,3,2,-2
2559,3,0,3,3
2560,0,4,4,-4
2561,1,6,5,-5
2562,9,5,4,4
2563,5,3,2,2
2564,6,4,2,2
2565,8,2,6,6
2566,5,4,1,1
2567,7,6,1,1
2568,3,2,1,1
2569,6,1,5,5
2570,4,0,4,4
2571,16,5,11,11
2572,2,1,1,1
2573,2,0,2,2
2574,7,8,1,-1
2575,8,13,5,-5
2576,0,5,5,-5
2577,2,11,9,-9
2578,8,2,6,6
2579,4,5,1,-1
2580,4,7,3,-3
2581,0,2,2,-2
2582,3,2,1,1
2583,5,6,1,-1
2584,4,5,1,-1
2585,3,4,1,-1
2586,2,3,1,-1
2587,15,5,10,10
2588,5,1,4,4
2589,9,5,4,4
2590,5,4,1,1
2591,6,0,6,6
2592,2,3,1,-1
2593,3,4,1,-1
2594,3,2,1,1
2595,3,4,1,-1
2596,7,4,3,3
2597,2,3,1,-1
2598,10,5,5,5
2599,4,7,3,-3
2600,8,3,5,5
2601,6,5,1,1
2602,0,1,1,-1
2603,9,5,4,4
2604,6,5,1,1
2605,9,4,5,5
2606,4,1,3,3
2607,4,0,4,4
2608,1,5,4,-4
2609,5,6,1,-1
2610,3,0,3,3
2611,3,4,1,-1
2612,5,2,3,3
2613,6,1,5,5
2614,0,5,5,-5
2615,4,2,2,2
2616,11,2,9,9
2617,4,3,1,1
2618,3,4,1,-1
2619,7,6,1,1
2620,4,3,1,1
2621,2,8,6,-6
2622,5,6,1,-1
2623,5,3,2,2
2624,8,4,4,4
2625,2,5,3,-3
2626,5,3,2,2
2627,2,4,2,-2
2628,0,4,4,-4
2629,2,11,9,-9
2630,8,3,5,5
2631,3,5,2,-2
2632,9,2,7,7
2633,1,4,3,-3
2634,7,2,5,5
2635,3,8,5,-5
2636,0,7,7,-7
2637,2,5,3,-3
2638,2,6,4,-4
2639,3,4,1,-1
2640,5,6,1,-1
2641,3,2,1,1
2642,7,6,1,1
2643,5,9,4,-4
2644,8,6,2,2
2645,1,2,1,-1
2646,2,3,1,-1
2647,4,8,4,-4
2648,1,5,4,-4
2649,1,8,7,-7
2650,4,2,2,2
2651,2,4,2,-2
2652,3,2,1,1
2653,5,6,1,-1
2654,1,5,4,-4
2655,4,2,2,2
2656,0,1,1,-1
2657,9,3,6,6
2658,8,1,7,7
2659,2,4,2,-2
2660,6,3,3,3
2661,5,3,2,2
2662,1,9,8,-8
2663,7,3,4,4
2664,8,3,5,5
2665,0,5,5,-5
2666,1,7,6,-6
2667,5,4,1,1
2668,6,3,3,3
2669,0,6,6,-6
2670,10,1,9,9
2671,6,1,5,5
2672,9,0,9,9
2673,0,11,11,-11
2674,4,5,1,-1
2675,0,5,5,-5
2676,3,13,10,-10
2677,1,2,1,-1
2678,15,4,11,11
2679,5,6,1,-1
2680,1,2,1,-1
2681,5,4,1,1
2682,3,1,2,2
2683,2,10,8,-8
2684,0,6,6,-6
2685,1,6,5,-5
2686,4,3,1,1
2687,3,4,1,-1
2688,8,6,2,2
2689,3,5,2,-2
2690,4,5,1,-1
2691,7,5,2,2
2692,5,3,2,2
2693,3,2,1,1
2694,1,4,3,-3
2695,4,1,3,3
2696,6,2,4,4
2697,4,7,3,-3
2698,5,9,4,-4
2699,3,5,2,-2
2700,1,9,8,-8
2701,3,0,3,3
2702,0,5,5,-5
2703,4,2,2,2
2704,3,1,2,2
2705,2,3,1,-1
2706,0,1,1,-1
2707,9,2,7,7
2708,12,2,10,10
2709,1,4,3,-3
2710,7,14,7,-7
2711,1,4,3,-3
2712,2,0,2,2
2713,4,1,3,3
2714,2,4,2,-2
2715,4,3,1,1
2716,3,9,6,-6
2717,0,4,4,-4
2718,6,11,5,-5
2719,4,6,2,-2
2720,8,10,2,-2
2721,3,1,2,2
2722,9,6,3,3
2723,4,6,2,-2
2724,2,7,5,-5
2725,4,2,2,2
2726,5,2,3,3
2727,5,3,2,2
2728,5,0,5,5
2729,15,3,12,12
2730,0,9,9,-9
2731,3,10,7,-7
2732,9,1,8,8
2733,1,3,2,-2
2734,6,4,2,2
2735,7,3,4,4
2736,3,6,3,-3
2737,1,4,3,-3
2738,4,8,4,-4
2739,6,3,3,3
2740,3,1,2,2
2741,9,6,3,3
2742,0,3,3,-3
2743,7,0,7,7
2744,6,3,3,3
2745,0,3,3,-3
2746,3,4,1,-1
2747,5,2,3,3
2748,7,8,1,-1
2749,2,0,2,2
2750,0,4,4,-4
2751,5,3,2,2
2752,4,5,1,-1
2753,9,5,4,4
2754,2,4,2,-2
2755,3,5,2,-2
2756,0,5,5,-5
2757,2,0,2,2
2758,6,4,2,2
2759,5,7,2,-2
2760,4,3,1,1
2761,2,4,2,-2
2762,5,6,1,-1
2763,2,3,1,-1
2764,3,2,1,1
2765,8,2,6,6
2766,6,4,2,2
2767,3,8,5,-5
2768,1,4,3,-3
2769,4,9,5,-5
2770,7,3,4,4
2771,3,2,1,1
2772,10,3,7,7
2773,8,4,4,4
2774,5,4,1,1
2775,6,5,1,1
2776,7,6,1,1
2777,0,2,2,-2
2778,7,0,7,7
2779,6,3,3,3
2780,2,1,1,1
2781,4,5,1,-1
2782,2,7,5,-5
2783,10,1,9,9
2784,8,2,6,6
2785,1,3,2,-2
2786,6,7,1,-1
2787,2,11,9,-9
2788,11,7,4,4
2789,5,2,3,3
2790,3,4,1,-1
2791,6,2,4,4
2792,2,8,6,-6
2793,7,2,5,5
2794,15,3,12,12
2795,6,1,5,5
2796,3,12,9,-9
2797,5,2,3,3
2798,4,2,2,2
2799,5,3,2,2
2800,7,6,1,1
2801,3,0,3,3
2802,5,0,5,5
2803,2,3,1,-1
2804,3,10,7,-7
2805,0,3,3,-3
2806,5,4,1,1
2807,10,4,6,6
2808,5,9,4,-4
2809,3,4,1,-1
2810,5,3,2,2
2811,1,3,2,-2
2812,8,5,3,3
2813,5,3,2,2
2814,3,2,1,1
2815,3,4,1,-1
2816,1,4,3,-3
2817,1,2,1,-1
2818,5,2,3,3
2819,1,2,1,-1
2820,2,1,1,1
2821,2,0,2,2
2822,6,2,4,4
2823,2,3,1,-1
2824,2,11,9,-9
2825,4,5,1,-1
2826,11,2,9,9
2827,1,2,1,-1
2828,3,4,1,-1
2829,5,6,1,-1
2830,9,5,4,4
2831,8,4,4,4
2832,0,5,5,-5
2833,7,0,7,7
2834,2,1,1,1
2835,2,5,3,-3
2836,2,3,1,-1
2837,6,4,2,2
2838,4,5,1,-1
2839,3,10,7,-7
2840,2,5,3,-3
2841,2,7,5,-5
2842,6,5,1,1
2843,2,6,4,-4
2844,2,5,3,-3
2845,4,3,1,1
2846,6,5,1,1
2847,0,2,2,-2
2848,5,9,4,-4
2849,2,6,4,-4
2850,5,3,2,2
2851,4,5,1,-1
2852,3,4,1,-1
2853,10,4,6,6
2854,4,1,3,3
2855,7,6,1,1
2856,1,4,3,-3
2857,5,6,1,-1
2858,5,7,2,-2
2859,3,7,4,-4
2860,1,0,1,1
2861,2,4,2,-2
2862,5,6,1,-1
2863,4,1,3,3
2864,3,4,1,-1
2865,2,3,1,-1
2866,6,4,2,2
2867,3,8,5,-5
2868,0,8,8,-8
2869,2,3,1,-1
2870,5,1,4,4
2871,2,0,2,2
2872,4,7,3,-3
2873,7,4,3,3
2874,8,7,1,1
2875,5,3,2,2
2876,3,2,1,1
2877,0,4,4,-4
2878,3,2,1,1
2879,1,3,2,-2
2880,5,2,3,3
2881,3,2,1,1
2882,2,3,1,-1
2883,1,2,1,-1
2884,4,10,6,-6
2885,2,5,3,-3
2886,3,7,4,-4
2887,3,6,3,-3
2888,11,0,11,11
2889,3,6,3,-3
2890,1,9,8,-8
2891,4,3,1,1
2892,1,3,2,-2
2893,1,3,2,-2
2894,5,4,1,1
2895,3,2,1,1
2896,3,6,3,-3
2897,5,0,5,5
2898,3,2,1,1
2899,3,4,1,-1
2900,3,4,1,-1
2901,0,6,6,-6
2902,1,2,1,-1
2903,6,2,4,4
2904,9,2,7,7
2905,3,2,1,1
2906,2,3,1,-1
2907,4,1,3,3
2908,4,7,3,-3
2909,2,3,1,-1
2910,5,2,3,3
2911,2,4,2,-2
2912,0,3,3,-3
2913,1,6,5,-5
2914,6,0,6,6
2915,2,3,1,-1
2916,4,0,4,4
2917,4,3,1,1
2918,8,2,6,6
2919,0,4,4,-4
2920,3,4,1,-1
2921,6,0,6,6
2922,5,7,2,-2
2923,9,0,9,9
2924,2,0,2,2
2925,0,8,8,-8
2926,4,2,2,2
2927,5,2,3,3
2928,4,5,1,-1
2929,3,4,1,-1
2930,0,3,3,-3
2931,1,3,2,-2
2932,5,6,1,-1
2933,5,3,2,2
2934,5,9,4,-4
2935,5,2,3,3
2936,5,2,3,3
2937,12,5,7,7
2938,5,2,3,3
2939,1,2,1,-1
2940,6,4,2,2
2941,6,1,5,5
2942,3,4,1,-1
2943,1,4,3,-3
2944,8,0,8,8
2945,1,2,1,-1
2946,7,2,5,5
2947,10,5,5,5
2948,7,6,1,1
2949,6,4,2,2
2950,4,3,1,1
2951,1,2,1,-1
2952,7,3,4,4
2953,6,8,2,-2
2954,10,3,7,7
2955,0,1,1,-1
2956,2,6,4,-4
2957,6,7,1,-1
2958,4,5,1,-1
2959,10,2,8,8
2960,1,3,2,-2
2961,2,7,5,-5
2962,6,7,1,-1
2963,7,3,4,4
2964,4,11,7,-7
2965,5,3,2,2
2966,3,4,1,-1
2967,13,6,7,7
2968,2,0,2,2
2969,3,4,1,-1
2970,6,4,2,2
2971,2,4,2,-2
2972,8,2,6,6
2973,9,7,2,2
2974,4,3,1,1
2975,3,9,6,-6
2976,5,6,1,-1
2977,9,1,8,8
2978,9,5,4,4
2979,2,3,1,-1
2980,1,2,1,-1
2981,7,4,3,3
2982,11,5,6,6
2983,5,4,1,1
2984,4,11,7,-7
2985,5,6,1,-1
2986,7,12,5,-5
2987,6,4,2,2
2988,3,4,1,-1
2989,2,5,3,-3
2990,6,5,1,1
2991,4,5,1,-1
2992,1,3,2,-2
2993,2,0,2,2
2994,5,4,1,1
2995,4,3,1,1
2996,0,3,3,-3
2997,1,4,3,-3
2998,3,5,2,-2
2999,3,0,3,3
3000,3,7,4,-4
3001,9,7,2,2
3002,3,7,4,-4
3003,1,0,1,1
3004,2,8,6,-6
3005,1,0,1,1
3006,0,3,3,-3
3007,9,3,6,6
3008,6,0,6,6
3009,2,6,4,-4
3010,6,0,6,6
3011,3,2,1,1
3012,2,3,1,-1
3013,7,9,2,-2
3014,8,2,6,6
3015,7,4,3,3
3016,4,1,3,3
3017,6,9,3,-3
3018,4,8,4,-4
3019,11,3,8,8
3020,7,5,2,2
3021,4,3,1,1
3022,9,3,6,6
3023,4,5,1,-1
3024,8,4,4,4
3025,2,3,1,-1
3026,4,7,3,-3
3027,4,7,3,-3
3028,2,1,1,1
3029,2,1,1,1
3030,1,3,2,-2
3031,2,4,2,-2
3032,7,8,1,-1
3033,4,0,4,4
3034,4,2,2,2
3035,19,1,18,18
3036,4,5,1,-1
3037,2,5,3,-3
3038,5,6,1,-1
3039,1,6,5,-5
3040,1,3,2,-2
3041,5,7,2,-2
3042,3,5,2,-2
3043,0,3,3,-3
3044,1,2,1,-1
3045,3,4,1,-1
3046,7,3,4,4
3047,0,14,14,-14
3048,2,1,1,1
3049,6,2,4,4
3050,4,5,1,-1
3051,5,0,5,5
3052,7,5,2,2
3053,8,5,3,3
3054,0,3,3,-3
3055,1,2,1,-1
3056,5,2,3,3
3057,1,5,4,-4
3058,4,1,3,3
3059,0,1,1,-1
3060,0,1,1,-1
3061,5,4,1,1
3062,4,3,1,1
3063,0,3,3,-3
3064,6,5,1,1
3065,1,2,1,-1
3066,5,3,2,2
3067,5,1,4,4
3068,3,1,2,2
3069,0,1,1,-1
3070,7,1,6,6
3071,0,1,1,-1
3072,2,4,2,-2
3073,13,2,11,11
3074,3,4,1,-1
3075,2,8,6,-6
3076,1,2,1,-1
3077,11,1,10,10
3078,1,2,1,-1
3079,2,3,1,-1
3080,7,8,1,-1
3081,3,5,2,-2
3082,6,7,1,-1
3083,2,3,1,-1
3084,1,10,9,-9
3085,4,1,3,3
3086,1,2,1,-1
3087,0,9,9,-9
3088,17,5,12,12
3089,5,15,10,-10
3090,6,4,2,2
3091,4,5,1,-1
3092,0,3,3,-3
3093,2,1,1,1
3094,5,2,3,3
3095,6,9,3,-3
3096,3,5,2,-2
3097,2,3,1,-1
3098,0,2,2,-2
3099,2,6,4,-4
3100,4,0,4,4
3101,0,3,3,-3
3102,5,4,1,1
3103,3,8,5,-5
3104,9,3,6,6
3105,2,9,7,-7
3106,1,2,1,-1
3107,3,0,3,3
3108,3,7,4,-4
3109,5,7,2,-2
3110,2,3,1,-1
3111,4,0,4,4
3112,1,3,2,-2
3113,2,0,2,2
3114,2,0,2,2
3115,6,1,5,5
3116,4,5,1,-1
3117,1,4,3,-3
3118,1,2,1,-1
3119,1,5,4,-4
3120,3,8,5,-5
3121,4,12,8,-8
3122,9,8,1,1
3123,3,9,6,-6
3124,3,2,1,1
3125,3,4,1,-1
3126,3,11,8,-8
3127,3,10,7,-7
3128,3,1,2,2
3129,1,4,3,-3
3130,2,3,1,-1
3131,3,6,3,-3
3132,8,7,1,1
3133,7,3,4,4
3134,0,4,4,-4
3135,1,11,10,-10
3136,4,12,8,-8
3137,5,2,3,3
3138,5,4,1,1
3139,6,7,1,-1
3140,6,3,3,3
3141,2,0,2,2
3142,3,2,1,1
3143,5,1,4,4
3144,6,1,5,5
3145,3,5,2,-2
3146,4,2,2,2
3147,6,7,1,-1
3148,2,4,2,-2
3149,4,5,1,-1
3150,8,6,2,2
3151,7,4,3,3
3152,2,1,1,1
3153,1,2,1,-1
3154,4,6,2,-2
3155,4,5,1,-1
3156,4,2,2,2
3157,1,3,2,-2
3158,7,6,1,1
3159,1,4,3,-3
3160,2,9,7,-7
3161,14,2,12,12
3162,3,0,3,3
3163,3,7,4,-4
3164,1,2,1,-1
3165,3,9,6,-6
3166,6,3,3,3
3167,4,10,6,-6
3168,1,0,1,1
3169,4,3,1,1
3170,5,6,1,-1
3171,14,1,13,13
3172,3,1,2,2
3173,5,1,4,4
3174,4,2,2,2
3175,10,3,7,7
3176,7,6,1,1
3177,2,3,1,-1
3178,5,4,1,1
3179,6,4,2,2
3180,1,2,1,-1
3181,6,3,3,3
3182,6,5,1,1
3183,2,6,4,-4
3184,3,4,1,-1
3185,0,5,5,-5
3186,12,7,5,5
3187,2,4,2,-2
3188,6,7,1,-1
3189,10,0,10,10
3190,4,15,11,-11
3191,11,3,8,8
3192,6,1,5,5
3193,2,3,1,-1
3194,5,2,3,3
3195,2,1,1,1
3196,0,1,1,-1
3197,2,4,2,-2
3198,4,5,1,-1
3199,7,3,4,4
3200,1,10,9,-9
3201,8,9,1,-1
3202,1,2,1,-1
3203,2,3,1,-1
3204,4,3,1,1
3205,4,2,2,2
3206,0,8,8,-8
3207,0,6,6,-6
3208,5,9,4,-4
3209,5,4,1,1
3210,4,3,1,1
3211,0,3,3,-3
3212,6,5,1,1
3213,4,6,2,-2
3214,7,1,6,6
3215,0,7,7,-7
3216,6,7,1,-1
3217,4,13,9,-9
3218,4,15,11,-11
3219,3,2,1,1
3220,12,7,5,5
3221,3,7,4,-4
3222,1,7,6,-6
3223,3,7,4,-4
3224,7,3,4,4
3225,5,4,1,1
3226,7,3,4,4
3227,5,6,1,-1
3228,10,8,2,2
3229,5,0,5,5
3230,3,4,1,-1
3231,11,5,6,6
3232,1,11,10,-10
3233,5,2,3,3
3234,5,4,1,1
3235,7,3,4,4
3236,7,2,5,5
3237,2,8,6,-6
3238,5,1,4,4
3239,3,4,1,-1
3240,2,10,8,-8
3241,10,7,3,3
3242,7,8,1,-1
3243,3,7,4,-4
3244,10,3,7,7
3245,2,3,1,-1
3246,4,5,1,-1
3247,6,3,3,3
3248,5,6,1,-1
3249,3,4,1,-1
3250,3,1,2,2
3251,3,4,1,-1
3252,3,0,3,3
3253,9,3,6,6
3254,7,5,2,2
3255,1,2,1,-1
3256,7,4,3,3
3257,2,4,2,-2
3258,0,2,2,-2
3259,4,2,2,2
3260,2,1,1,1
3261,3,0,3,3
3262,13,9,4,4
3263,6,1,5,5
3264,8,9,1,-1
3265,7,4,3,3
3266,12,7,5,5
3267,7,4,3,3
3268,8,2,6,6
3269,2,8,6,-6
3270,0,4,4,-4
3271,1,2,1,-1
3272,6,5,1,1
3273,6,3,3,3
3274,1,2,1,-1
3275,1,3,2,-2
3276,1,3,2,-2
3277,1,6,5,-5
3278,2,3,1,-1
3279,8,4,4,4
3280,6,8,2,-2
3281,4,6,2,-2
3282,11,2,9,9
3283,5,2,3,3
3284,0,7,7,-7
3285,0,2,2,-2
3286,11,8,3,3
3287,3,2,1,1
3288,0,5,5,-5
3289,3,6,3,-3
3290,3,6,3,-3
3291,2,1,1,1
3292,4,5,1,-1
3293,3,2,1,1
3294,3,5,2,-2
3295,8,9,1,-1
3296,4,2,2,2
3297,4,0,4,4
3298,7,2,5,5
3299,3,2,1,1
3300,9,4,5,5
3301,9,6,3,3
3302,6,5,1,1
3303,4,6,2,-2
3304,7,3,4,4
3305,2,7,5,-5
3306,1,2,1,-1
3307,2,3,1,-1
3308,5,3,2,2
3309,7,4,3,3
3310,3,6,3,-3
3311,7,3,4,4
3312,2,0,2,2
3313,6,0,6,6
3314,6,9,3,-3
3315,2,8,6,-6
3316,7,2,5,5
3317,1,3,2,-2
3318,3,0,3,3
3319,4,5,1,-1
3320,5,1,4,4
3321,2,4,2,-2
3322,1,3,2,-2
3323,6,4,2,2
3324,2,3,1,-1
3325,13,7,6,6
3326,2,8,6,-6
3327,1,0,1,1
3328,7,4,3,3
3329,2,1,1,1
3330,6,2,4,4
3331,5,8,3,-3
3332,0,2,2,-2
3333,2,1,1,1
3334,4,1,3,3
3335,0,4,4,-4
3336,1,5,4,-4
3337,0,1,1,-1
3338,8,5,3,3
3339,6,4,2,2
3340,8,1,7,7
3341,4,1,3,3
3342,3,2,1,1
3343,1,4,3,-3
3344,6,7,1,-1
3345,0,2,2,-2
3346,2,3,1,-1
3347,5,3,2,2
3348,1,3,2,-2
3349,4,3,1,1
3350,2,3,1,-1
3351,7,4,3,3
3352,3,2,1,1
3353,9,8,1,1
3354,11,6,5,5
3355,3,7,4,-4
3356,7,9,2,-2
3357,3,2,1,1
3358,9,2,7,7
3359,4,1,3,3
3360,4,3,1,1
3361,2,0,2,2
3362,3,7,4,-4
3363,3,0,3,3
3364,4,9,5,-5
3365,1,4,3,-3
3366,2,3,1,-1
3367,4,5,1,-1
3368,8,3,5,5
3369,5,6,1,-1
3370,4,6,2,-2
3371,11,4,7,7
3372,0,8,8,-8
3373,5,7,2,-2
3374,8,1,7,7
3375,2,1,1,1
3376,2,3,1,-1
3377,4,2,2,2
3378,0,7,7,-7
3379,7,5,2,2
3380,3,2,1,1
3381,9,3,6,6
3382,7,11,4,-4
3383,5,1,4,4
3384,11,7,4,4
3385,9,5,4,4
3386,6,3,3,3
3387,3,5,2,-2
3388,1,7,6,-6
3389,2,3,1,-1
3390,2,1,1,1
3391,10,2,8,8
3392,5,7,2,-2
3393,7,5,2,2
3394,2,3,1,-1
3395,1,8,7,-7
3396,1,8,7,-7
3397,0,4,4,-4
3398,16,4,12,12
3399,10,8,2,2
3400,5,1,4,4
3401,4,1,3,3
3402,3,4,1,-1
3403,3,4,1,-1
3404,7,0,7,7
3405,2,0,2,2
3406,2,4,2,-2
3407,9,0,9,9
3408,9,6,3,3
3409,4,5,1,-1
3410,7,3,4,4
3411,1,6,5,-5
3412,1,9,8,-8
3413,14,1,13,13
3414,0,1,1,-1
3415,3,1,2,2
3416,12,9,3,3
3417,3,8,5,-5
3418,6,4,2,2
3419,1,3,2,-2
3420,1,2,1,-1
3421,1,0,1,1
3422,6,3,3,3
3423,6,5,1,1
3424,4,3,1,1
3425,4,5,1,-1
3426,3,6,3,-3
3427,1,0,1,1
3428,3,2,1,1
3429,1,9,8,-8
3430,6,8,2,-2
3431,0,4,4,-4
3432,4,12,8,-8
3433,7,4,3,3
3434,4,0,4,4
3435,0,4,4,-4
3436,5,6,1,-1
3437,5,2,3,3
3438,4,0,4,4
3439,9,5,4,4
3440,3,6,3,-3
3441,7,3,4,4
3442,7,2,5,5
3443,1,8,7,-7
3444,4,5,1,-1
3445,0,10,10,-10
3446,6,4,2,2
3447,1,4,3,-3
3448,4,12,8,-8
3449,1,2,1,-1
3450,1,3,2,-2
3451,3,0,3,3
3452,1,4,3,-3
3453,2,3,1,-1
3454,8,9,1,-1
3455,7,12,5,-5
3456,5,4,1,1
3457,0,3,3,-3
3458,4,7,3,-3
3459,2,6,4,-4
3460,0,1,1,-1
3461,2,3,1,-1
3462,4,8,4,-4
3463,4,2,2,2
3464,4,3,1,1
3465,1,4,3,-3
3466,6,2,4,4
3467,1,3,2,-2
3468,3,2,1,1
3469,6,13,7,-7
3470,7,3,4,4
3471,4,3,1,1
3472,5,4,1,1
3473,4,8,4,-4
3474,4,10,6,-6
3475,1,5,4,-4
3476,5,6,1,-1
3477,2,5,3,-3
3478,2,4,2,-2
3479,1,5,4,-4
3480,6,2,4,4
3481,5,4,1,1
3482,4,3,1,1
3483,4,0,4,4
3484,4,5,1,-1
3485,7,0,7,7
3486,1,6,5,-5
3487,4,5,1,-1
3488,2,4,2,-2
3489,4,2,2,2
3490,1,5,4,-4
3491,0,1,1,-1
3492,2,4,2,-2
3493,5,1,4,4
3494,4,7,3,-3
3495,8,2,6,6
3496,2,4,2,-2
3497,10,4,6,6
3498,1,2,1,-1
3499,9,1,8,8
3500,0,1,1,-1
3501,7,3,4,4
3502,4,5,1,-1
3503,7,4,3,3
3504,3,12,9,-9
3505,2,5,3,-3
3506,4,5,1,-1
3507,1,2,1,-1
3508,0,2,2,-2
3509,1,2,1,-1
3510,0,2,2,-2
3511,5,3,2,2
3512,2,1,1,1
3513,0,4,4,-4
3514,8,4,4,4
3515,8,3,5,5
3516,5,14,9,-9
3517,6,3,3,3
3518,8,7,1,1
3519,3,8,5,-5
3520,1,5,4,-4
3521,2,5,3,-3
3522,1,6,5,-5
3523,1,5,4,-4
3524,7,3,4,4
3525,3,9,6,-6
3526,9,2,7,7
3527,10,2,8,8
3528,5,6,1,-1
3529,5,4,1,1
3530,2,3,1,-1
3531,4,3,1,1
3532,7,2,5,5
3533,4,5,1,-1
3534,1,5,4,-4
3535,4,2,2,2
3536,2,10,8,-8
3537,6,5,1,1
3538,7,5,2,2
3539,6,3,3,3
3540,2,3,1,-1
3541,4,5,1,-1
3542,1,5,4,-4
3543,4,0,4,4
3544,1,2,1,-1
3545,5,1,4,4
3546,3,4,1,-1
3547,3,4,1,-1
3548,3,2,1,1
3549,5,3,2,2
3550,1,4,3,-3
3551,1,2,1,-1
3552,2,12,10,-10
3553,0,1,1,-1
3554,5,3,2,2
3555,5,1,4,4
3556,5,1,4,4
3557,8,3,5,5
3558,3,4,1,-1
3559,0,1,1,-1
3560,1,3,2,-2
3561,2,11,9,-9
3562,3,4,1,-1
3563,5,4,1,1
3564,4,5,1,-1
3565,9,5,4,4
3566,7,6,1,1
3567,6,4,2,2
3568,4,2,2,2
3569,1,8,7,-7
3570,2,4,2,-2
3571,7,2,5,5
3572,6,1,5,5
3573,1,11,10,-10
3574,4,1,3,3
3575,4,6,2,-2
3576,10,1,9,9
3577,0,1,1,-1
3578,6,3,3,3
3579,10,5,5,5
3580,0,3,3,-3
3581,0,6,6,-6
3582,2,3,1,-1
3583,3,8,5,-5
3584,14,5,9,9
3585,2,1,1,1
3586,14,10,4,4
3587,2,3,1,-1
3588,2,6,4,-4
3589,1,3,2,-2
3590,4,2,2,2
3591,1,4,3,-3
3592,1,3,2,-2
3593,5,0,5,5
3594,5,7,2,-2
3595,2,1,1,1
3596,3,8,5,-5
3597,3,6,3,-3
3598,4,6,2,-2
3599,8,5,3,3
3600,5,4,1,1
3601,3,7,4,-4
3602,3,4,1,-1
3603,3,4,1,-1
3604,2,4,2,-2
3605,15,0,15,15
3606,3,1,2,2
3607,5,0,5,5
3608,4,6,2,-2
3609,13,7,6,6
3610,6,3,3,3
3611,2,3,1,-1
3612,7,3,4,4
3613,0,5,5,-5
3614,2,4,2,-2
3615,5,11,6,-6
3616,6,2,4,4
3617,14,3,11,11
3618,4,6,2,-2
3619,2,12,10,-10
3620,0,1,1,-1
3621,5,4,1,1
3622,3,4,1,-1
3623,7,6,1,1
3624,6,2,4,4
3625,1,2,1,-1
3626,3,2,1,1
3627,3,2,1,1
3628,1,2,1,-1
3629,1,4,3,-3
3630,0,1,1,-1
3631,5,1,4,4
3632,16,9,7,7
3633,0,1,1,-1
3634,2,5,3,-3
3635,3,0,3,3
3636,5,3,2,2
3637,4,3,1,1
3638,1,2,1,-1
3639,2,5,3,-3
3640,6,4,2,2
3641,0,7,7,-7
3642,5,2,3,3
3643,9,6,3,3
3644,2,5,3,-3
3645,0,5,5,-5
3646,5,4,1,1
3647,6,2,4,4
3648,0,4,4,-4
3649,6,4,2,2
3650,8,2,6,6
3651,0,9,9,-9
3652,7,5,2,2
3653,5,1,4,4
3654,1,2,1,-1
3655,5,0,5,5
3656,4,3,1,1
3657,2,6,4,-4
3658,4,5,1,-1
3659,0,6,6,-6
3660,5,3,2,2
3661,5,15,10,-10
3662,7,6,1,1
3663,4,5,1,-1
3664,1,0,1,1
3665,3,1,2,2
3666,6,9,3,-3
3667,10,4,6,6
3668,5,2,3,3
3669,5,3,2,2
3670,3,4,1,-1
3671,1,7,6,-6
3672,15,3,12,12
3673,8,7,1,1
3674,4,2,2,2
3675,1,0,1,1
3676,1,5,4,-4
3677,9,5,4,4
3678,5,3,2,2
3679,5,4,1,1
3680,1,3,2,-2
3681,5,7,2,-2
3682,16,8,8,8
3683,2,1,1,1
3684,2,3,1,-1
3685,10,2,8,8
3686,1,3,2,-2
3687,3,6,3,-3
3688,7,9,2,-2
3689,2,7,5,-5
3690,1,3,2,-2
3691,3,8,5,-5
3692,6,4,2,2
3693,4,7,3,-3
3694,1,4,3,-3
3695,1,0,1,1
3696,5,2,3,3
3697,8,6,2,2
3698,3,5,2,-2
3699,5,3,2,2
3700,0,1,1,-1
3701,4,5,1,-1
3702,1,5,4,-4
3703,9,7,2,2
3704,4,5,1,-1
3705,3,6,3,-3
3706,0,7,7,-7
3707,2,1,1,1
3708,4,13,9,-9
3709,3,5,2,-2
3710,14,2,12,12
3711,6,0,6,6
3712,7,3,4,4
3713,1,5,4,-4
3714,5,3,2,2
3715,1,8,7,-7
3716,2,3,1,-1
3717,0,1,1,-1
3718,2,3,1,-1
3719,5,3,2,2
3720,9,2,7,7
3721,2,3,1,-1
3722,4,2,2,2
3723,2,4,2,-2
3724,1,9,8,-8
3725,6,7,1,-1
3726,5,3,2,2
3727,1,3,2,-2
3728,8,2,6,6
3729,5,6,1,-1
3730,9,8,1,1
3731,4,5,1,-1
3732,5,4,1,1
3733,4,6,2,-2
3734,4,1,3,3
3735,3,5,2,-2
3736,12,5,7,7
3737,0,2,2,-2
3738,5,13,8,-8
3739,3,6,3,-3
3740,0,5,5,-5
3741,0,6,6,-6
3742,4,5,1,-1
3743,1,2,1,-1
3744,4,1,3,3
3745,10,9,1,1
3746,1,5,4,-4
3747,4,10,6,-6
3748,6,2,4,4
3749,4,5,1,-1
3750,3,1,2,2
3751,5,1,4,4
3752,0,6,6,-6
3753,3,6,3,-3
3754,0,1,1,-1
3755,7,8,1,-1
3756,2,3,1,-1
3757,4,7,3,-3
3758,5,2,3,3
3759,7,6,1,1
3760,3,2,1,1
3761,3,4,1,-1
3762,3,10,7,-7
3763,8,5,3,3
3764,11,7,4,4
3765,6,4,2,2
3766,5,8,3,-3
3767,1,6,5,-5
3768,0,1,1,-1
3769,8,4,4,4
3770,4,1,3,3
3771,6,3,3,3
3772,1,3,2,-2
3773,6,7,1,-1
3774,2,1,1,1
3775,3,9,6,-6
3776,0,4,4,-4
3777,3,4,1,-1
3778,5,4,1,1
3779,6,13,7,-7
3780,4,5,1,-1
3781,6,7,1,-1
3782,4,5,1,-1
3783,1,4,3,-3
3784,3,4,1,-1
3785,1,14,13,-13
3786,1,9,8,-8
3787,2,4,2,-2
3788,2,4,2,-2
3789,0,2,2,-2
3790,2,4,2,-2
3791,6,8,2,-2
3792,6,3,3,3
3793,7,1,6,6
3794,2,1,1,1
3795,0,1,1,-1
3796,0,2,2,-2
3797,6,3,3,3
3798,3,12,9,-9
3799,6,2,4,4
3800,8,4,4,4
3801,4,8,4,-4
3802,5,0,5,5
3803,7,16,9,-9
3804,6,4,2,2
3805,1,11,10,-10
3806,1,2,1,-1
3807,5,6,1,-1
3808,0,4,4,-4
3809,4,0,4,4
3810,7,2,5,5
3811,6,1,5,5
3812,6,5,1,1
3813,8,2,6,6
3814,2,1,1,1
3815,3,5,2,-2
3816,4,0,4,4
3817,6,9,3,-3
3818,1,7,6,-6
3819,2,3,1,-1
3820,5,2,3,3
3821,13,3,10,10
3822,4,1,3,3
3823,8,7,1,1
3824,4,6,2,-2
3825,2,11,9,-9
3826,3,11,8,-8
3827,5,6,1,-1
3828,5,0,5,5
3829,3,4,1,-1
3830,4,2,2,2
3831,3,4,1,-1
3832,5,1,4,4
3833,9,5,4,4
3834,4,1,3,3
3835,1,4,3,-3
3836,8,9,1,-1
3837,7,5,2,2
3838,1,3,2,-2
3839,4,3,1,1
3840,7,5,2,2
3841,8,5,3,3
3842,4,3,1,1
3843,3,8,5,-5
3844,3,4,1,-1
3845,3,4,1,-1
3846,1,9,8,-8
3847,3,1,2,2
3848,1,0,1,1
3849,7,2,5,5
3850,0,3,3,-3
3851,1,6,5,-5
3852,7,4,3,3
3853,5,2,3,3
3854,4,1,3,3
3855,0,2,2,-2
3856,0,5,5,-5
3857,15,10,5,5
3858,5,2,3,3
3859,5,2,3,3
3860,6,3,3,3
3861,5,4,1,1
3862,11,3,8,8
3863,4,2,2,2
3864,3,12,9,-9
3865,4,0,4,4
3866,6,7,1,-1
3867,2,4,2,-2
3868,0,1,1,-1
3869,3,5,2,-2
3870,7,0,7,7
3871,2,6,4,-4
3872,3,8,5,-5
3873,2,4,2,-2
3874,1,2,1,-1
3875,2,3,1,-1
3876,5,6,1,-1
3877,5,2,3,3
3878,9,1,8,8
3879,2,3,1,-1
3880,14,3,11,11
3881,2,3,1,-1
3882,5,6,1,-1
3883,3,1,2,2
3884,1,0,1,1
3885,8,9,1,-1
3886,4,0,4,4
3887,7,5,2,2
3888,1,2,1,-1
3889,5,7,2,-2
3890,4,0,4,4
3891,6,11,5,-5
3892,0,4,4,-4
3893,9,6,3,3
3894,5,3,2,2
3895,6,2,4,4
3896,0,1,1,-1
3897,6,2,4,4
3898,1,2,1,-1
3899,5,7,2,-2
3900,8,4,4,4
3901,2,4,2,-2
3902,6,4,2,2
3903,7,6,1,1
3904,7,2,5,5
3905,1,3,2,-2
3906,6,4,2,2
3907,4,2,2,2
3908,6,1,5,5
3909,4,7,3,-3
3910,3,0,3,3
3911,4,10,6,-6
3912,8,2,6,6
3913,7,17,10,-10
3914,2,12,10,-10
3915,3,12,9,-9
3916,1,5,4,-4
3917,2,11,9,-9
3918,5,8,3,-3
3919,6,7,1,-1
3920,6,8,2,-2
3921,9,1,8,8
3922,2,4,2,-2
3923,2,3,1,-1
3924,1,3,2,-2
3925,4,5,1,-1
3926,1,4,3,-3
3927,4,3,1,1
3928,4,5,1,-1
3929,0,7,7,-7
3930,4,5,1,-1
3931,3,4,1,-1
3932,4,5,1,-1
3933,1,3,2,-2
3934,3,5,2,-2
3935,3,4,1,-1
3936,1,2,1,-1
3937,9,3,6,6
3938,8,12,4,-4
3939,4,2,2,2
3940,5,0,5,5
3941,5,2,3,3
3942,5,7,2,-2
3943,3,0,3,3
3944,3,1,2,2
3945,4,2,2,2
3946,5,8,3,-3
3947,5,4,1,1
3948,5,10,5,-5
3949,3,1,2,2
3950,3,6,3,-3
3951,2,3,1,-1
3952,3,10,7,-7
3953,5,7,2,-2
3954,6,20,14,-14
3955,3,4,1,-1
3956,8,6,2,2
3957,2,3,1,-1
3958,2,3,1,-1
3959,2,7,5,-5
3960,6,1,5,5
3961,1,3,2,-2
3962,11,2,9,9
3963,9,13,4,-4
3964,5,4,1,1
3965,2,1,1,1
3966,1,4,3,-3
3967,1,6,5,-5
3968,9,8,1,1
3969,12,4,8,8
3970,1,2,1,-1
3971,8,2,6,6
3972,3,1,2,2
3973,0,2,2,-2
3974,2,1,1,1
3975,4,3,1,1
3976,4,2,2,2
3977,7,5,2,2
3978,5,12,7,-7
3979,1,2,1,-1
3980,3,1,2,2
3981,9,2,7,7
3982,4,13,9,-9
3983,7,2,5,5
3984,0,3,3,-3
3985,5,2,3,3
3986,10,9,1,1
3987,2,4,2,-2
3988,4,1,3,3
3989,3,4,1,-1
3990,5,3,2,2
3991,5,2,3,3
3992,4,3,1,1
3993,12,7,5,5
3994,10,8,2,2
3995,1,4,3,-3
3996,5,8,3,-3
3997,0,5,5,-5
3998,3,4,1,-1
3999,5,9,4,-4
4000,0,4,4,-4
4001,3,10,7,-7
4002,3,2,1,1
4003,2,9,7,-7
4004,8,5,3,3
4005,1,3,2,-2
4006,12,0,12,12
4007,2,12,10,-10
4008,4,2,2,2
4009,9,5,4,4
4010,8,0,8,8
4011,2,3,1,-1
4012,1,5,4,-4
4013,2,7,5,-5
4014,6,4,2,2
4015,2,6,4,-4
4016,4,7,3,-3
4017,10,6,4,4
4018,5,13,8,-8
4019,0,3,3,-3
4020,10,2,8,8
4021,2,5,3,-3
4022,5,1,4,4
4023,3,8,5,-5
4024,3,17,14,-14
4025,3,8,5,-5
4026,2,3,1,-1
4027,3,0,3,3
4028,3,1,2,2
4029,0,9,9,-9
4030,6,3,3,3
4031,4,5,1,-1
4032,5,6,1,-1
4033,3,8,5,-5
4034,6,3,3,3
4035,2,3,1,-1
4036,5,3,2,2
4037,5,3,2,2
4038,2,3,1,-1
4039,2,4,2,-2
4040,3,7,4,-4
4041,8,1,7,7
4042,3,7,4,-4
4043,4,3,1,1
4044,3,4,1,-1
4045,2,6,4,-4
4046,7,3,4,4
4047,5,3,2,2
4048,6,2,4,4
4049,5,2,3,3
4050,3,5,2,-2
4051,9,6,3,3
4052,3,2,1,1
4053,4,8,4,-4
4054,5,0,5,5
4055,5,1,4,4
4056,8,7,1,1
4057,4,3,1,1
4058,11,6,5,5
4059,1,0,1,1
4060,6,1,5,5
4061,3,9,6,-6
4062,1,5,4,-4
4063,2,3,1,-1
4064,6,0,6,6
4065,5,6,1,-1
4066,8,2,6,6
4067,2,4,2,-2
4068,3,1,2,2
4069,8,6,2,2
4070,4,5,1,-1
4071,5,10,5,-5
4072,1,0,1,1
4073,0,3,3,-3
4074,1,8,7,-7
4075,6,4,2,2
4076,11,4,7,7
4077,3,4,1,-1
4078,18,7,11,11
4079,4,5,1,-1
4080,2,6,4,-4
4081,4,7,3,-3
4082,1,9,8,-8
4083,3,6,3,-3
4084,7,4,3,3
4085,7,6,1,1
4086,3,0,3,3
4087,1,7,6,-6
4088,7,3,4,4
4089,7,2,5,5
4090,5,2,3,3
4091,4,9,5,-5
4092,6,7,1,-1
4093,7,4,3,3
4094,3,4,1,-1
4095,5,3,2,2
4096,3,2,1,1
4097,8,1,7,7
4098,4,1,3,3
4099,15,5,10,10
4100,9,2,7,7
4101,0,1,1,-1
4102,5,4,1,1
4103,3,2,1,1
4104,4,3,1,1
4105,5,3,2,2
4106,4,8,4,-4
4107,7,8,1,-1
4108,5,3,2,2
4109,4,11,7,-7
4110,7,15,8,-8
4111,2,1,1,1
4112,7,5,2,2
4113,7,11,4,-4
4114,13,2,11,11
4115,2,1,1,1
4116,5,1,4,4
4117,2,6,4,-4
4118,4,10,6,-6
4119,4,3,1,1
4120,6,1,5,5
4121,8,0,8,8
4122,7,5,2,2
4123,3,4,1,-1
4124,8,7,1,1
4125,3,2,1,1
4126,8,4,4,4
4127,7,3,4,4
4128,6,5,1,1
4129,7,3,4,4
4130,1,3,2,-2
4131,1,2,1,-1
4132,7,2,5,5
4133,2,3,1,-1
4134,3,4,1,-1
4135,7,0,7,7
4136,5,4,1,1
4137,3,5,2,-2
4138,9,1,8,8
4139,10,7,3,3
4140,8,5,3,3
4141,5,3,2,2
4142,8,9,1,-1
4143,5,0,5,5
4144,7,6,1,1
4145,8,6,2,2
4146,1,2,1,-1
4147,2,9,7,-7
4148,9,11,2,-2
4149,3,1,2,2
4150,3,2,1,1
4151,4,3,1,1
4152,2,1,1,1
4153,4,5,1,-1
4154,0,6,6,-6
4155,5,3,2,2
4156,4,3,1,1
4157,2,3,1,-1
4158,4,3,1,1
4159,6,4,2,2
4160,0,4,4,-4
4161,6,7,1,-1
4162,4,1,3,3
4163,3,6,3,-3
4164,2,4,2,-2
4165,2,3,1,-1
4166,6,2,4,4
4167,9,8,1,1
4168,9,5,4,4
4169,9,2,7,7
4170,5,1,4,4
4171,4,6,2,-2
4172,3,10,7,-7
4173,2,5,3,-3
4174,3,9,6,-6
4175,7,8,1,-1
4176,4,3,1,1
4177,4,8,4,-4
4178,5,8,3,-3
4179,3,4,1,-1
4180,1,2,1,-1
4181,3,2,1,1
4182,2,5,3,-3
4183,6,3,3,3
4184,4,3,1,1
4185,5,6,1,-1
4186,1,4,3,-3
4187,10,3,7,7
4188,3,4,1,-1
4189,4,10,6,-6
4190,3,5,2,-2
4191,1,2,1,-1
4192,0,1,1,-1
4193,2,7,5,-5
4194,4,2,2,2
4195,1,6,5,-5
4196,5,4,1,1
4197,5,1,4,4
4198,2,3,1,-1
4199,5,1,4,4
4200,9,1,8,8
4201,6,4,2,2
4202,5,1,4,4
4203,4,6,2,-2
4204,8,4,4,4
4205,1,13,12,-12
4206,3,0,3,3
4207,1,6,5,-5
4208,0,1,1,-1
4209,3,11,8,-8
4210,6,1,5,5
4211,6,5,1,1
4212,4,5,1,-1
4213,1,3,2,-2
4214,2,9,7,-7
4215,7,1,6,6
4216,4,5,1,-1
4217,2,11,9,-9
4218,3,5,2,-2
4219,6,5,1,1
4220,7,3,4,4
4221,5,2,3,3
4222,0,7,7,-7
4223,1,2,1,-1
4224,2,6,4,-4
4225,5,8,3,-3
4226,2,6,4,-4
4227,7,6,1,1
4228,3,5,2,-2
4229,4,5,1,-1
4230,4,5,1,-1
4231,4,7,3,-3
4232,4,3,1,1
4233,0,3,3,-3
4234,2,6,4,-4
4235,5,4,1,1
4236,8,4,4,4
4237,9,6,3,3
4238,7,4,3,3
4239,6,2,4,4
4240,5,6,1,-1
4241,1,2,1,-1
4242,6,5,1,1
4243,5,6,1,-1
4244,1,2,1,-1
4245,3,2,1,1
4246,4,5,1,-1
4247,1,6,5,-5
4248,4,6,2,-2
4249,7,3,4,4
4250,1,3,2,-2
4251,6,2,4,4
4252,7,8,1,-1
4253,1,7,6,-6
4254,9,7,2,2
4255,4,8,4,-4
4256,13,7,6,6
4257,7,5,2,2
4258,5,12,7,-7
4259,3,4,1,-1
4260,1,3,2,-2
4261,2,9,7,-7
4262,7,2,5,5
4263,7,3,4,4
4264,2,1,1,1
4265,4,3,1,1
4266,4,0,4,4
4267,4,1,3,3
4268,6,5,1,1
4269,4,5,1,-1
4270,5,6,1,-1
4271,5,1,4,4
4272,0,1,1,-1
4273,5,1,4,4
4274,1,4,3,-3
4275,1,3,2,-2
4276,1,3,2,-2
4277,1,2,1,-1
4278,4,2,2,2
4279,4,3,1,1
4280,8,4,4,4
4281,7,0,7,7
4282,2,4,2,-2
4283,4,5,1,-1
4284,8,2,6,6
4285,0,6,6,-6
4286,6,1,5,5
4287,11,8,3,3
4288,3,4,1,-1
4289,4,8,4,-4
4290,3,8,5,-5
4291,7,4,3,3
4292,1,4,3,-3
4293,7,1,6,6
4294,8,1,7,7
4295,0,2,2,-2
4296,2,3,1,-1
4297,1,8,7,-7
4298,0,3,3,-3
4299,6,7,1,-1
4300,5,7,2,-2
4301,11,9,2,2
4302,3,5,2,-2
4303,1,14,13,-13
4304,5,0,5,5
4305,8,9,1,-1
4306,2,3,1,-1
4307,1,10,9,-9
4308,4,9,5,-5
4309,4,9,5,-5
4310,1,5,4,-4
4311,0,8,8,-8
4312,0,1,1,-1
4313,6,2,4,4
4314,3,5,2,-2
4315,6,4,2,2
4316,6,2,4,4
4317,5,4,1,1
4318,3,4,1,-1
4319,4,5,1,-1
4320,1,7,6,-6
4321,0,10,10,-10
4322,7,8,1,-1
4323,6,1,5,5
4324,3,0,3,3
4325,1,0,1,1
4326,7,8,1,-1
4327,3,0,3,3
4328,5,9,4,-4
4329,0,10,10,-10
4330,8,1,7,7
4331,2,9,7,-7
4332,2,1,1,1
4333,1,4,3,-3
4334,3,2,1,1
4335,4,1,3,3
4336,5,2,3,3
4337,0,4,4,-4
4338,5,4,1,1
4339,6,8,2,-2
4340,8,6,2,2
4341,4,9,5,-5
4342,11,4,7,7
4343,7,5,2,2
4344,13,2,11,11
4345,2,0,2,2
4346,4,5,1,-1
4347,5,7,2,-2
4348,12,7,5,5
4349,8,1,7,7
4350,6,5,1,1
4351,2,1,1,1
4352,11,5,6,6
4353,6,4,2,2
4354,2,3,1,-1
4355,6,7,1,-1
4356,5,6,1,-1
4357,3,2,1,1
4358,7,4,3,3
4359,0,2,2,-2
4360,1,2,1,-1
4361,9,4,5,5
4362,4,2,2,2
4363,0,8,8,-8
4364,9,2,7,7
4365,6,1,5,5
4366,6,4,2,2
4367,2,3,1,-1
4368,13,2,11,11
4369,3,4,1,-1
4370,8,3,5,5
4371,3,1,2,2
4372,4,8,4,-4
4373,8,1,7,7
4374,6,1,5,5
4375,9,22,13,-13
4376,2,0,2,2
4377,6,0,6,6
4378,9,6,3,3
4379,0,5,5,-5
4380,3,4,1,-1
4381,1,6,5,-5
4382,2,5,3,-3
4383,0,6,6,-6
4384,6,5,1,1
4385,1,2,1,-1
4386,4,5,1,-1
4387,5,12,7,-7
4388,15,5,10,10
4389,1,2,1,-1
4390,8,1,7,7
4391,4,2,2,2
4392,7,11,4,-4
4393,6,1,5,5
4394,1,3,2,-2
4395,3,6,3,-3
4396,6,7,1,-1
4397,4,6,2,-2
4398,1,2,1,-1
4399,7,0,7,7
4400,3,9,6,-6
4401,0,4,4,-4
4402,7,8,1,-1
4403,6,4,2,2
4404,3,0,3,3
4405,8,4,4,4
4406,6,5,1,1
4407,1,6,5,-5
4408,4,5,1,-1
4409,7,6,1,1
4410,2,3,1,-1
4411,4,3,1,1
4412,4,7,3,-3
4413,0,2,2,-2
4414,8,3,5,5
4415,2,1,1,1
4416,4,11,7,-7
4417,9,3,6,6
4418,5,9,4,-4
4419,12,0,12,12
4420,1,5,4,-4
4421,3,2,1,1
4422,4,7,3,-3
4423,1,4,3,-3
4424,1,2,1,-1
4425,1,5,4,-4
4426,7,0,7,7
4427,3,2,1,1
4428,0,3,3,-3
4429,1,2,1,-1
4430,9,5,4,4
4431,3,5,2,-2
4432,3,7,4,-4
4433,4,9,5,-5
4434,9,2,7,7
4435,9,0,9,9
4436,2,8,6,-6
4437,5,8,3,-3
4438,2,1,1,1
4439,6,0,6,6
4440,5,2,3,3
4441,5,6,1,-1
4442,5,2,3,3
4443,6,8,2,-2
4444,2,6,4,-4
4445,1,2,1,-1
4446,13,6,7,7
4447,0,2,2,-2
4448,2,4,2,-2
4449,1,3,2,-2
4450,3,0,3,3
4451,0,2,2,-2
4452,2,4,2,-2
4453,8,3,5,5
4454,2,3,1,-1
4455,0,4,4,-4
4456,13,0,13,13
4457,5,9,4,-4
4458,7,6,1,1
4459,3,4,1,-1
4460,4,5,1,-1
4461,1,2,1,-1
4462,4,1,3,3
4463,2,5,3,-3
4464,6,4,2,2
4465,8,4,4,4
4466,5,7,2,-2
4467,6,4,2,2
4468,8,6,2,2
4469,4,2,2,2
4470,7,0,7,7
4471,11,8,3,3
4472,4,3,1,1
4473,2,7,5,-5
4474,8,6,2,2
4475,3,1,2,2
4476,5,3,2,2
4477,8,2,6,6
4478,3,0,3,3
4479,2,6,4,-4
4480,11,8,3,3
4481,7,3,4,4
4482,13,5,8,8
4483,10,0,10,10
4484,1,8,7,-7
4485,5,4,1,1
4486,2,3,1,-1
4487,2,9,7,-7
4488,3,2,1,1
4489,2,1,1,1
4490,7,5,2,2
4491,4,8,4,-4
4492,8,2,6,6
4493,5,4,1,1
4494,7,2,5,5
4495,4,6,2,-2
4496,7,8,1,-1
4497,6,10,4,-4
4498,7,12,5,-5
4499,8,9,1,-1
4500,1,5,4,-4
4501,4,6,2,-2
4502,0,3,3,-3
4503,3,6,3,-3
4504,3,4,1,-1
4505,3,6,3,-3
4506,4,5,1,-1
4507,4,0,4,4
4508,2,7,5,-5
4509,4,1,3,3
4510,3,2,1,1
4511,6,3,3,3
4512,1,4,3,-3
4513,11,4,7,7
4514,2,18,16,-16
4515,9,6,3,3
4516,3,9,6,-6
4517,5,8,3,-3
4518,1,8,7,-7
4519,3,4,1,-1
4520,10,7,3,3
4521,3,9,6,-6
4522,0,9,9,-9
4523,1,3,2,-2
4524,7,2,5,5
4525,4,1,3,3
4526,2,7,5,-5
4527,3,7,4,-4
4528,4,2,2,2
4529,2,1,1,1
4530,4,0,4,4
4531,10,11,1,-1
4532,11,6,5,5
4533,1,5,4,-4
4534,0,1,1,-1
4535,4,2,2,2
4536,3,8,5,-5
4537,7,4,3,3
4538,3,6,3,-3
4539,4,1,3,3
4540,6,4,2,2
4541,2,4,2,-2
4542,7,3,4,4
4543,2,1,1,1
4544,10,1,9,9
4545,3,0,3,3
4546,3,5,2,-2
4547,7,4,3,3
4548,8,0,8,8
4549,14,0,14,14
4550,3,6,3,-3
4551,5,3,2,2
4552,1,0,1,1
4553,2,3,1,-1
4554,4,5,1,-1
4555,1,3,2,-2
4556,0,2,2,-2
4557,1,3,2,-2
4558,8,6,2,2
4559,4,5,1,-1
4560,5,4,1,1
4561,0,7,7,-7
4562,4,5,1,-1
4563,10,11,1,-1
4564,1,4,3,-3
4565,7,2,5,5
4566,6,5,1,1
4567,5,1,4,4
4568,7,4,3,3
4569,4,5,1,-1
4570,1,8,7,-7
4571,1,4,3,-3
4572,4,7,3,-3
4573,2,3,1,-1
4574,4,1,3,3
4575,5,3,2,2
4576,4,5,1,-1
4577,13,4,9,9
4578,2,1,1,1
4579,3,4,1,-1
4580,3,4,1,-1
4581,1,2,1,-1
4582,8,4,4,4
4583,4,8,4,-4
4584,3,7,4,-4
4585,2,7,5,-5
4586,4,13,9,-9
4587,2,0,2,2
4588,5,6,1,-1
4589,7,12,5,-5
4590,3,2,1,1
4591,5,4,1,1
4592,3,0,3,3
4593,3,0,3,3
4594,3,4,1,-1
4595,9,3,6,6
4596,0,6,6,-6
4597,3,7,4,-4
4598,2,3,1,-1
4599,4,2,2,2
4600,5,6,1,-1
4601,8,7,1,1
4602,4,5,1,-1
4603,7,6,1,1
4604,1,4,3,-3
4605,2,3,1,-1
4606,10,6,4,4
4607,4,1,3,3
4608,1,8,7,-7
4609,3,6,3,-3
4610,2,8,6,-6
4611,6,5,1,1
4612,7,3,4,4
4613,1,2,1,-1
4614,2,1,1,1
4615,1,9,8,-8
4616,1,8,7,-7
4617,5,6,1,-1
4618,5,4,1,1
4619,12,8,4,4
4620,1,5,4,-4
4621,7,2,5,5
4622,3,2,1,1
4623,5,6,1,-1
4624,3,8,5,-5
4625,5,2,3,3
4626,14,4,10,10
4627,3,6,3,-3
4628,9,3,6,6
4629,1,7,6,-6
4630,1,2,1,-1
4631,2,5,3,-3
4632,5,4,1,1
4633,1,2,1,-1
4634,3,2,1,1
4635,6,4,2,2
4636,2,3,1,-1
4637,2,4,2,-2
4638,6,18,12,-12
4639,5,0,5,5
4640,0,4,4,-4
4641,6,3,3,3
4642,3,2,1,1
4643,4,10,6,-6
4644,1,4,3,-3
4645,2,7,5,-5
4646,1,0,1,1
4647,2,3,1,-1
4648,6,2,4,4
4649,2,0,2,2
4650,3,2,1,1
4651,1,3,2,-2
4652,2,6,4,-4
4653,5,4,1,1
4654,6,5,1,1
4655,3,7,4,-4
4656,4,1,3,3
4657,1,2,1,-1
4658,1,9,8,-8
4659,6,8,2,-2
4660,8,5,3,3
4661,6,2,4,4
4662,10,1,9,9
4663,1,3,2,-2
4664,1,2,1,-1
4665,9,2,7,7
4666,2,7,5,-5
4667,1,6,5,-5
4668,4,7,3,-3
4669,12,2,10,10
4670,3,4,1,-1
4671,6,3,3,3
4672,9,1,8,8
4673,2,7,5,-5
4674,4,2,2,2
4675,0,2,2,-2
4676,3,0,3,3
4677,3,8,5,-5
4678,3,4,1,-1
4679,6,7,1,-1
4680,7,6,1,1
4681,3,1,2,2
4682,0,4,4,-4
4683,4,5,1,-1
4684,0,1,1,-1
4685,1,2,1,-1
4686,10,1,9,9
4687,6,5,1,1
4688,1,6,5,-5
4689,2,9,7,-7
4690,1,3,2,-2
4691,4,1,3,3
4692,2,6,4,-4
4693,4,3,1,1
4694,3,10,7,-7
4695,10,4,6,6
4696,3,5,2,-2
4697,7,6,1,1
4698,7,6,1,1
4699,7,5,2,2
4700,3,2,1,1
4701,8,1,7,7
4702,12,5,7,7
4703,1,15,14,-14
4704,5,0,5,5
4705,5,1,4,4
4706,3,4,1,-1
4707,11,2,9,9
4708,8,5,3,3
4709,10,5,5,5
4710,6,5,1,1
4711,3,0,3,3
4712,3,0,3,3
4713,0,3,3,-3
4714,0,1,1,-1
4715,2,5,3,-3
4716,3,2,1,1
4717,8,2,6,6
4718,5,6,1,-1
4719,4,3,1,1
4720,6,5,1,1
4721,9,18,9,-9
4722,12,6,6,6
4723,4,6,2,-2
4724,2,3,1,-1
4725,5,3,2,2
4726,5,1,4,4
4727,4,6,2,-2
4728,2,1,1,1
4729,4,0,4,4
4730,1,2,1,-1
4731,4,3,1,1
4732,3,0,3,3
4733,6,11,5,-5
4734,7,5,2,2
4735,3,4,1,-1
4736,5,4,1,1
4737,2,10,8,-8
4738,5,4,1,1
4739,0,5,5,-5
4740,7,2,5,5
4741,10,6,4,4
4742,5,8,3,-3
4743,1,7,6,-6
4744,0,2,2,-2
4745,4,0,4,4
4746,0,4,4,-4
4747,8,5,3,3
4748,7,5,2,2
4749,5,6,1,-1
4750,6,4,2,2
4751,8,4,4,4
4752,6,3,3,3
4753,5,4,1,1
4754,2,4,2,-2
4755,2,4,2,-2
4756,3,2,1,1
4757,7,2,5,5
4758,6,9,3,-3
4759,2,8,6,-6
4760,6,1,5,5
4761,8,6,2,2
4762,2,11,9,-9
4763,6,5,1,1
4764,2,3,1,-1
4765,15,8,7,7
4766,3,4,1,-1
4767,3,4,1,-1
4768,1,3,2,-2
4769,2,11,9,-9
4770,1,4,3,-3
4771,3,4,1,-1
4772,2,0,2,2
4773,5,1,4,4
4774,7,4,3,3
4775,3,1,2,2
4776,11,1,10,10
4777,5,6,1,-1
4778,3,4,1,-1
4779,5,1,4,4
4780,3,5,2,-2
4781,2,15,13,-13
4782,4,2,2,2
4783,4,6,2,-2
4784,1,2,1,-1
4785,3,6,3,-3
4786,3,4,1,-1
4787,0,3,3,-3
4788,1,2,1,-1
4789,1,4,3,-3
4790,2,4,2,-2
4791,3,6,3,-3
4792,2,8,6,-6
4793,6,7,1,-1
4794,6,5,1,1
4795,1,9,8,-8
4796,2,6,4,-4
4797,3,7,4,-4
4798,2,5,3,-3
4799,19,3,16,16
4800,5,9,4,-4
4801,9,4,5,5
4802,5,4,1,1
4803,6,2,4,4
4804,2,3,1,-1
4805,0,3,3,-3
4806,6,5,1,1
4807,2,1,1,1
4808,6,4,2,2
4809,6,10,4,-4
4810,2,6,4,-4
4811,7,4,3,3
4812,2,5,3,-3
4813,5,12,7,-7
4814,4,2,2,2
4815,4,2,2,2
4816,6,4,2,2
4817,4,5,1,-1
4818,9,8,1,1
4819,6,5,1,1
4820,0,2,2,-2
4821,1,3,2,-2
4822,4,3,1,1
4823,3,6,3,-3
4824,3,4,1,-1
4825,0,14,14,-14
4826,7,3,4,4
4827,2,4,2,-2
4828,2,5,3,-3
4829,6,7,1,-1
4830,7,1,6,6
4831,2,3,1,-1
4832,13,6,7,7
4833,4,6,2,-2
4834,5,4,1,1
4835,6,2,4,4
4836,0,7,7,-7
4837,10,3,7,7
4838,8,7,1,1
4839,1,2,1,-1
4840,6,9,3,-3
4841,4,7,3,-3
4842,7,0,7,7
4843,3,5,2,-2
4844,7,5,2,2
4845,4,3,1,1
4846,3,1,2,2
4847,8,0,8,8
4848,3,7,4,-4
4849,0,3,3,-3
4850,2,9,7,-7
4851,6,3,3,3
4852,3,1,2,2
4853,3,4,1,-1
4854,3,2,1,1
4855,4,5,1,-1
4856,0,1,1,-1
4857,2,0,2,2
4858,7,8,1,-1
4859,3,1,2,2
4860,1,4,3,-3
4861,4,1,3,3
4862,7,4,3,3
4863,2,3,1,-1
4864,2,1,1,1
4865,0,4,4,-4
4866,0,1,1,-1
4867,1,0,1,1
4868,5,3,2,2
4869,0,5,5,-5
4870,2,4,2,-2
4871,7,3,4,4
4872,6,7,1,-1
4873,2,3,1,-1
4874,4,5,1,-1
4875,5,3,2,2
4876,11,5,6,6
4877,6,0,6,6
4878,6,3,3,3
4879,2,8,6,-6
4880,7,4,3,3
4881,0,10,10,-10
4882,8,7,1,1
4883,6,8,2,-2
4884,4,3,1,1
4885,4,5,1,-1
4886,7,4,3,3
4887,8,3,5,5
4888,3,7,4,-4
4889,0,6,6,-6
4890,2,4,2,-2
4891,1,2,1,-1
4892,6,5,1,1
4893,7,3,4,4
4894,1,3,2,-2
4895,3,4,1,-1
4896,12,13,1,-1
4897,0,3,3,-3
4898,0,5,5,-5
4899,6,7,1,-1
4900,3,4,1,-1
4901,5,6,1,-1
4902,2,3,1,-1
4903,9,3,6,6
4904,5,7,2,-2
4905,4,5,1,-1
4906,4,8,4,-4
4907,6,2,4,4
4908,4,2,2,2
4909,5,1,4,4
4910,0,1,1,-1
4911,5,11,6,-6
4912,4,2,2,2
4913,7,5,2,2
4914,7,1,6,6
4915,7,0,7,7
4916,3,8,5,-5
4917,3,4,1,-1
4918,6,2,4,4
4919,5,4,1,1
4920,2,5,3,-3
4921,3,0,3,3
4922,0,1,1,-1
4923,3,7,4,-4
4924,7,4,3,3
4925,3,1,2,2
4926,6,4,2,2
4927,1,2,1,-1
4928,6,2,4,4
4929,4,2,2,2
4930,6,4,2,2
4931,10,6,4,4
4932,4,2,2,2
4933,5,6,1,-1
4934,4,5,1,-1
4935,4,3,1,1
4936,1,3,2,-2
4937,2,1,1,1
4938,3,4,1,-1
4939,8,17,9,-9
4940,6,3,3,3
4941,1,4,3,-3
4942,4,0,4,4
4943,1,7,6,-6
4944,1,2,1,-1
4945,2,7,5,-5
4946,9,10,1,-1
4947,3,5,2,-2
4948,0,8,8,-8
4949,4,2,2,2
4950,2,3,1,-1
4951,1,3,2,-2
4952,3,1,2,2
4953,2,3,1,-1
4954,2,12,10,-10
4955,2,5,3,-3
4956,8,3,5,5
4957,4,1,3,3
4958,0,5,5,-5
4959,4,0,4,4
4960,7,5,2,2
4961,8,10,2,-2
4962,6,7,1,-1
4963,8,9,1,-1
4964,4,5,1,-1
4965,5,2,3,3
4966,0,5,5,-5
4967,9,5,4,4
4968,1,2,1,-1
4969,5,13,8,-8
4970,1,5,4,-4
4971,11,9,2,2
4972,6,2,4,4
4973,7,1,6,6
4974,0,4,4,-4
4975,6,4,2,2
4976,1,2,1,-1
4977,7,8,1,-1
4978,1,6,5,-5
4979,5,4,1,1
4980,5,0,5,5
4981,3,4,1,-1
4982,1,5,4,-4
4983,1,4,3,-3
4984,4,6,2,-2
4985,5,2,3,3
4986,13,7,6,6
4987,4,3,1,1
4988,5,11,6,-6
4989,3,5,2,-2
4990,2,9,7,-7
4991,4,7,3,-3
4992,5,2,3,3
4993,4,5,1,-1
4994,4,5,1,-1
4995,2,8,6,-6
4996,4,1,3,3
4997,3,10,7,-7
4998,8,5,3,3
4999,0,6,6,-6
5000,1,0,1,1
5001,10,4,6,6
5002,3,2,1,1
5003,7,3,4,4
5004,1,5,4,-4
5005,6,1,5,5
5006,7,1,6,6
5007,5,2,3,3
5008,3,6,3,-3
5009,5,3,2,2
5010,18,3,15,15
5011,3,2,1,1
5012,3,1,2,2
5013,3,8,5,-5
5014,9,8,1,1
5015,3,7,4,-4
5016,5,4,1,1
5017,3,9,6,-6
5018,3,5,2,-2
5019,2,5,3,-3
5020,4,5,1,-1
5021,2,4,2,-2
5022,1,2,1,-1
5023,0,1,1,-1
5024,6,0,6,6
5025,6,3,3,3
5026,1,8,7,-7
5027,4,3,1,1
5028,6,5,1,1
5029,1,4,3,-3
5030,12,2,10,10
5031,2,1,1,1
5032,6,14,8,-8
5033,4,8,4,-4
5034,1,9,8,-8
5035,2,3,1,-1
5036,0,1,1,-1
5037,1,11,10,-10
5038,2,3,1,-1
5039,4,2,2,2
5040,5,3,2,2
5041,10,3,7,7
5042,6,7,1,-1
5043,2,1,1,1
5044,9,4,5,5
5045,10,2,8,8
5046,3,5,2,-2
5047,4,3,1,1
5048,2,0,2,2
5049,6,3,3,3
5050,11,4,7,7
5051,3,6,3,-3
5052,6,2,4,4
5053,4,3,1,1
5054,4,3,1,1
5055,7,3,4,4
5056,5,4,1,1
5057,9,1,8,8
5058,9,4,5,5
5059,3,1,2,2
5060,4,3,1,1
5061,4,3,1,1
5062,4,1,3,3
5063,4,1,3,3
5064,0,2,2,-2
5065,3,6,3,-3
5066,15,9,6,6
5067,10,4,6,6
5068,2,3,1,-1
5069,9,5,4,4
5070,5,1,4,4
5071,4,0,4,4
5072,1,4,3,-3
5073,3,2,1,1
5074,1,6,5,-5
5075,5,1,4,4
5076,4,9,5,-5
5077,4,5,1,-1
5078,0,2,2,-2
5079,1,5,4,-4
5080,2,3,1,-1
5081,3,2,1,1
5082,3,2,1,1
5083,5,3,2,2
5084,1,5,4,-4
5085,7,4,3,3
5086,2,6,4,-4
5087,4,6,2,-2
5088,4,3,1,1
5089,0,12,12,-12
5090,4,1,3,3
5091,5,1,4,4
5092,1,6,5,-5
5093,4,1,3,3
5094,6,5,1,1
5095,4,0,4,4
5096,7,4,3,3
5097,5,9,4,-4
5098,2,3,1,-1
5099,2,7,5,-5
5100,5,6,1,-1
5101,6,1,5,5
5102,7,2,5,5
5103,1,2,1,-1
5104,3,4,1,-1
5105,7,4,3,3
5106,11,2,9,9
5107,0,2,2,-2
5108,0,5,5,-5
5109,0,2,2,-2
5110,8,5,3,3
5111,2,3,1,-1
5112,2,9,7,-7
5113,4,3,1,1
5114,6,9,3,-3
5115,1,2,1,-1
5116,4,5,1,-1
5117,3,1,2,2
5118,0,3,3,-3
5119,8,2,6,6
5120,9,1,8,8
5121,7,6,1,1
5122,4,5,1,-1
5123,2,3,1,-1
5124,3,7,4,-4
5125,7,2,5,5
5126,5,1,4,4
5127,2,4,2,-2
5128,4,2,2,2
5129,7,5,2,2
5130,1,5,4,-4
5131,2,1,1,1
5132,1,5,4,-4
5133,7,2,5,5
5134,2,5,3,-3
5135,10,3,7,7
5136,4,2,2,2
5137,5,4,1,1
5138,3,4,1,-1
5139,6,5,1,1
5140,2,3,1,-1
5141,1,2,1,-1
5142,5,2,3,3
5143,10,3,7,7
5144,2,3,1,-1
5145,7,6,1,1
5146,6,7,1,-1
5147,8,4,4,4
5148,9,5,4,4
5149,1,6,5,-5
5150,6,4,2,2
5151,9,18,9,-9
5152,2,3,1,-1
5153,5,0,5,5
5154,5,1,4,4
5155,5,3,2,2
5156,1,13,12,-12
5157,1,10,9,-9
5158,1,0,1,1
5159,2,1,1,1
5160,7,5,2,2
5161,2,7,5,-5
5162,0,7,7,-7
5163,4,2,2,2
5164,0,6,6,-6
5165,7,5,2,2
5166,3,4,1,-1
5167,2,3,1,-1
5168,2,5,3,-3
5169,1,2,1,-1
5170,3,7,4,-4
5171,2,5,3,-3
5172,1,4,3,-3
5173,0,4,4,-4
5174,4,7,3,-3
5175,2,6,4,-4
5176,5,2,3,3
5177,2,7,5,-5
5178,3,4,1,-1
5179,5,6,1,-1
5180,6,5,1,1
5181,0,2,2,-2
5182,8,4,4,4
5183,5,1,4,4
5184,1,4,3,-3
5185,3,2,1,1
5186,3,4,1,-1
5187,6,11,5,-5
5188,1,2,1,-1
5189,2,3,1,-1
5190,4,1,3,3
5191,9,3,6,6
5192,2,6,4,-4
5193,3,4,1,-1
5194,9,5,4,4
5195,4,6,2,-2
5196,8,3,5,5
5197,0,4,4,-4
5198,5,3,2,2
5199,2,7,5,-5
5200,3,9,6,-6
5201,7,1,6,6
5202,1,3,2,-2
5203,7,8,1,-1
5204,4,2,2,2
5205,7,6,1,1
5206,3,6,3,-3
5207,0,2,2,-2
5208,2,1,1,1
5209,7,10,3,-3
5210,5,1,4,4
5211,0,9,9,-9
5212,4,2,2,2
5213,6,3,3,3
5214,3,2,1,1
5215,5,0,5,5
5216,4,5,1,-1
5217,5,11,6,-6
5218,13,15,2,-2
5219,3,1,2,2
5220,5,8,3,-3
5221,1,8,7,-7
5222,0,5,5,-5
5223,3,2,1,1
5224,3,12,9,-9
5225,4,5,1,-1
5226,5,0,5,5
5227,7,5,2,2
5228,3,4,1,-1
5229,3,4,1,-1
5230,4,0,4,4
5231,3,4,1,-1
5232,3,2,1,1
5233,6,3,3,3
5234,1,2,1,-1
5235,4,0,4,4
5236,6,4,2,2
5237,3,6,3,-3
5238,4,5,1,-1
5239,6,2,4,4
5240,3,2,1,1
5241,2,7,5,-5
5242,4,5,1,-1
5243,9,8,1,1
5244,4,5,1,-1
5245,5,4,1,1
5246,6,1,5,5
5247,9,8,1,1
5248,6,4,2,2
5249,3,4,1,-1
5250,2,6,4,-4
5251,8,2,6,6
5252,5,2,3,3
5253,3,2,1,1
5254,1,5,4,-4
5255,0,7,7,-7
5256,4,3,1,1
5257,5,1,4,4
5258,13,9,4,4
5259,2,8,6,-6
5260,3,4,1,-1
5261,2,3,1,-1
5262,4,1,3,3
5263,2,5,3,-3
5264,1,7,6,-6
5265,3,4,1,-1
5266,9,6,3,3
5267,2,4,2,-2
5268,1,3,2,-2
5269,10,4,6,6
5270,2,5,3,-3
5271,9,5,4,4
5272,3,4,1,-1
5273,7,2,5,5
5274,8,1,7,7
5275,1,3,2,-2
5276,5,0,5,5
5277,6,3,3,3
5278,3,4,1,-1
5279,9,3,6,6
5280,14,3,11,11
5281,6,8,2,-2
5282,2,3,1,-1
5283,11,5,6,6
5284,8,3,5,5
5285,2,3,1,-1
5286,9,6,3,3
5287,1,5,4,-4
5288,4,0,4,4
5289,1,9,8,-8
5290,6,1,5,5
5291,5,2,3,3
5292,2,3,1,-1
5293,10,3,7,7
5294,5,3,2,2
5295,4,6,2,-2
5296,0,5,5,-5
5297,3,5,2,-2
5298,3,7,4,-4
5299,6,4,2,2
5300,6,1,5,5
5301,3,1,2,2
5302,2,3,1,-1
5303,2,1,1,1
5304,3,8,5,-5
5305,7,4,3,3
5306,4,5,1,-1
5307,1,3,2,-2
5308,8,1,7,7
5309,3,4,1,-1
5310,6,2,4,4
5311,4,1,3,3
5312,5,2,3,3
5313,1,2,1,-1
5314,7,2,5,5
5315,0,1,1,-1
5316,5,3,2,2
5317,2,6,4,-4
5318,2,1,1,1
5319,10,6,4,4
5320,2,4,2,-2
5321,6,2,4,4
5322,5,6,1,-1
5323,7,3,4,4
5324,8,3,5,5
5325,6,2,4,4
5326,3,5,2,-2
5327,10,6,4,4
5328,4,2,2,2
5329,3,4,1,-1
5330,5,7,2,-2
5331,0,5,5,-5
5332,6,7,1,-1
5333,2,6,4,-4
5334,4,11,7,-7
5335,3,10,7,-7
5336,1,5,4,-4
5337,7,3,4,4
5338,3,7,4,-4
5339,5,6,1,-1
5340,7,8,1,-1
5341,3,7,4,-4
5342,1,0,1,1
5343,9,7,2,2
5344,3,5,2,-2
5345,1,4,3,-3
5346,5,0,5,5
5347,2,1,1,1
5348,2,6,4,-4
5349,1,3,2,-2
5350,4,2,2,2
5351,5,2,3,3
5352,2,1,1,1
5353,1,2,1,-1
5354,9,3,6,6
5355,2,8,6,-6
5356,2,1,1,1
5357,2,5,3,-3
5358,7,2,5,5
5359,9,8,1,1
5360,1,12,11,-11
5361,9,1,8,8
5362,3,4,1,-1
5363,6,2,4,4
5364,3,1,2,2
5365,6,13,7,-7
5366,7,3,4,4
5367,6,9,3,-3
5368,5,11,6,-6
5369,4,8,4,-4
5370,8,2,6,6
5371,2,3,1,-1
5372,2,3,1,-1
5373,7,4,3,3
5374,5,0,5,5
5375,8,5,3,3
5376,1,6,5,-5
5377,5,7,2,-2
5378,5,4,1,1
5379,3,1,2,2
5380,7,1,6,6
5381,3,1,2,2
5382,1,3,2,-2
5383,3,2,1,1
5384,1,3,2,-2
5385,1,5,4,-4
5386,2,3,1,-1
5387,6,4,2,2
5388,5,8,3,-3
5389,0,4,4,-4
5390,2,5,3,-3
5391,0,5,5,-5
5392,10,8,2,2
5393,5,0,5,5
5394,7,4,3,3
5395,4,3,1,1
5396,2,6,4,-4
5397,5,1,4,4
5398,2,6,4,-4
5399,8,0,8,8
5400,3,4,1,-1
5401,5,4,1,1
5402,6,7,1,-1
5403,6,1,5,5
5404,2,7,5,-5
5405,3,9,6,-6
5406,11,7,4,4
5407,4,3,1,1
5408,1,2,1,-1
5409,1,4,3,-3
5410,1,8,7,-7
5411,8,4,4,4
5412,9,2,7,7
5413,1,6,5,-5
5414,3,8,5,-5
5415,6,3,3,3
5416,2,4,2,-2
5417,4,1,3,3
5418,4,7,3,-3
5419,6,1,5,5
5420,5,6,1,-1
5421,4,3,1,1
5422,5,3,2,2
5423,5,3,2,2
5424,5,4,1,1
5425,1,4,3,-3
5426,0,7,7,-7
5427,8,7,1,1
5428,9,7,2,2
5429,0,4,4,-4
5430,4,9,5,-5
5431,8,1,7,7
5432,5,7,2,-2
5433,5,3,2,2
5434,3,2,1,1
5435,0,6,6,-6
5436,6,4,2,2
5437,0,4,4,-4
5438,5,3,2,2
5439,5,14,9,-9
5440,3,2,1,1
5441,4,0,4,4
5442,4,1,3,3
5443,5,6,1,-1
5444,11,3,8,8
5445,4,6,2,-2
5446,7,2,5,5
5447,6,8,2,-2
5448,2,1,1,1
5449,0,2,2,-2
5450,4,3,1,1
5451,3,7,4,-4
5452,6,5,1,1
5453,2,5,3,-3
5454,0,2,2,-2
5455,7,4,3,3
5456,10,3,7,7
5457,5,6,1,-1
5458,0,6,6,-6
5459,5,4,1,1
5460,7,5,2,2
5461,2,3,1,-1
5462,0,4,4,-4
5463,6,5,1,1
5464,5,3,2,2
5465,3,4,1,-1
5466,2,0,2,2
5467,5,2,3,3
5468,2,0,2,2
5469,6,5,1,1
5470,6,0,6,6
5471,6,4,2,2
5472,6,1,5,5
5473,5,6,1,-1
5474,4,16,12,-12
5475,5,1,4,4
5476,2,3,1,-1
5477,6,2,4,4
5478,3,9,6,-6
5479,8,6,2,2
5480,6,0,6,6
5481,1,2,1,-1
5482,1,6,5,-5
5483,6,2,4,4
5484,6,1,5,5
5485,1,4,3,-3
5486,4,8,4,-4
5487,4,7,3,-3
5488,4,3,1,1
5489,2,1,1,1
5490,4,5,1,-1
5491,3,4,1,-1
5492,1,4,3,-3
5493,9,2,7,7
5494,3,5,2,-2
5495,2,3,1,-1
5496,5,0,5,5
5497,3,1,2,2
5498,5,8,3,-3
5499,8,7,1,1
5500,3,4,1,-1
5501,1,2,1,-1
5502,6,7,1,-1
5503,6,4,2,2
5504,5,2,3,3
5505,3,2,1,1
5506,0,4,4,-4
5507,6,5,1,1
5508,0,6,6,-6
5509,2,4,2,-2
5510,3,8,5,-5
5511,3,1,2,2
5512,3,5,2,-2
5513,4,5,1,-1
5514,4,11,7,-7
5515,1,2,1,-1
5516,1,5,4,-4
5517,8,4,4,4
5518,5,8,3,-3
5519,1,4,3,-3
5520,3,1,2,2
5521,3,6,3,-3
5522,8,11,3,-3
5523,1,2,1,-1
5524,3,0,3,3
5525,3,6,3,-3
5526,14,7,7,7
5527,11,5,6,6
5528,10,9,1,1
5529,2,8,6,-6
5530,7,4,3,3
5531,3,9,6,-6
5532,10,6,4,4
5533,6,3,3,3
5534,6,4,2,2
5535,3,14,11,-11
5536,7,1,6,6
5537,7,4,3,3
5538,6,3,3,3
5539,3,1,2,2
5540,6,7,1,-1
5541,1,6,5,-5
5542,0,1,1,-1
5543,5,3,2,2
5544,4,3,1,1
5545,2,3,1,-1
5546,7,14,7,-7
5547,6,3,3,3
5548,9,2,7,7
5549,5,3,2,2
5550,7,8,1,-1
5551,5,8,3,-3
5552,8,4,4,4
5553,3,10,7,-7
5554,3,6,3,-3
5555,3,5,2,-2
5556,0,9,9,-9
5557,2,3,1,-1
5558,4,0,4,4
5559,4,2,2,2
5560,4,3,1,1
5561,6,12,6,-6
5562,4,3,1,1
5563,2,0,2,2
5564,4,2,2,2
5565,6,12,6,-6
5566,3,4,1,-1
5567,7,2,5,5
5568,5,7,2,-2
5569,1,5,4,-4
5570,3,2,1,1
5571,0,2,2,-2
5572,4,10,6,-6
5573,3,8,5,-5
5574,8,9,1,-1
5575,4,7,3,-3
5576,5,8,3,-3
5577,4,5,1,-1
5578,2,1,1,1
5579,2,4,2,-2
5580,2,6,4,-4
5581,8,2,6,6
5582,7,11,4,-4
5583,7,9,2,-2
5584,6,7,1,-1
5585,3,2,1,1
5586,3,5,2,-2
5587,8,4,4,4
5588,1,4,3,-3
5589,2,4,2,-2
5590,1,5,4,-4
5591,3,6,3,-3
5592,8,2,6,6
5593,2,3,1,-1
5594,7,2,5,5
5595,10,3,7,7
5596,6,8,2,-2
5597,4,5,1,-1
5598,3,5,2,-2
5599,2,1,1,1
5600,1,3,2,-2
5601,3,6,3,-3
5602,8,1,7,7
5603,1,3,2,-2
5604,6,5,1,1
5605,4,6,2,-2
5606,6,3,3,3
5607,0,4,4,-4
5608,4,3,1,1
5609,21,8,13,13
5610,1,4,3,-3
5611,7,10,3,-3
5612,6,8,2,-2
5613,5,13,8,-8
5614,6,3,3,3
5615,3,5,2,-2
5616,10,6,4,4
5617,1,2,1,-1
5618,4,1,3,3
5619,7,3,4,4
5620,5,11,6,-6
5621,6,2,4,4
5622,2,4,2,-2
5623,4,7,3,-3
5624,1,7,6,-6
5625,9,4,5,5
5626,0,2,2,-2
5627,0,5,5,-5
5628,7,2,5,5
5629,3,13,10,-10
5630,4,1,3,3
5631,8,2,6,6
5632,0,8,8,-8
5633,4,6,2,-2
5634,1,7,6,-6
5635,3,4,1,-1
5636,2,3,1,-1
5637,10,8,2,2
5638,7,4,3,3
5639,3,4,1,-1
5640,9,3,6,6
5641,2,1,1,1
5642,7,4,3,3
5643,6,2,4,4
5644,12,9,3,3
5645,1,5,4,-4
5646,0,5,5,-5
5647,5,4,1,1
5648,4,2,2,2
5649,1,2,1,-1
5650,0,2,2,-2
5651,7,3,4,4
5652,2,4,2,-2
5653,6,3,3,3
5654,5,1,4,4
5655,0,2,2,-2
5656,4,8,4,-4
5657,1,5,4,-4
5658,2,3,1,-1
5659,3,5,2,-2
5660,6,5,1,1
5661,1,6,5,-5
5662,5,1,4,4
5663,6,0,6,6
5664,0,2,2,-2
5665,3,2,1,1
5666,8,6,2,2
5667,10,7,3,3
5668,1,12,11,-11
5669,4,0,4,4
5670,5,4,1,1
5671,4,3,1,1
5672,2,3,1,-1
5673,1,6,5,-5
5674,8,6,2,2
5675,9,5,4,4
5676,4,2,2,2
5677,0,1,1,-1
5678,0,7,7,-7
5679,6,3,3,3
5680,0,10,10,-10
5681,8,4,4,4
5682,8,9,1,-1
5683,11,0,11,11
5684,10,0,10,10
5685,2,1,1,1
5686,5,6,1,-1
5687,6,7,1,-1
5688,8,6,2,2
5689,2,1,1,1
5690,4,0,4,4
5691,9,6,3,3
5692,4,2,2,2
5693,1,4,3,-3
5694,0,2,2,-2
5695,1,6,5,-5
5696,4,5,1,-1
5697,4,3,1,1
5698,2,1,1,1
5699,0,8,8,-8
5700,6,5,1,1
5701,6,5,1,1
5702,3,5,2,-2
5703,0,7,7,-7
5704,3,4,1,-1
5705,5,7,2,-2
5706,7,3,4,4
5707,1,7,6,-6
5708,5,4,1,1
5709,14,2,12,12
5710,8,2,6,6
5711,3,4,1,-1
5712,8,3,5,5
5713,8,3,5,5
5714,3,1,2,2
5715,9,6,3,3
5716,7,4,3,3
5717,8,3,5,5
5718,7,8,1,-1
5719,1,9,8,-8
5720,0,1,1,-1
5721,8,9,1,-1
5722,3,4,1,-1
5723,5,6,1,-1
5724,7,2,5,5
5725,5,1,4,4
5726,5,9,4,-4
5727,2,4,2,-2
5728,5,0,5,5
5729,6,2,4,4
5730,4,6,2,-2
5731,4,2,2,2
5732,1,10,9,-9
5733,3,11,8,-8
5734,2,4,2,-2
5735,8,3,5,5
5736,3,8,5,-5
5737,2,5,3,-3
5738,3,2,1,1
5739,11,5,6,6
5740,13,4,9,9
5741,5,2,3,3
5742,3,5,2,-2
5743,2,5,3,-3
5744,0,2,2,-2
5745,4,5,1,-1
5746,4,3,1,1
5747,11,9,2,2
5748,8,2,6,6
5749,4,5,1,-1
5750,8,2,6,6
5751,3,4,1,-1
5752,12,4,8,8
5753,7,6,1,1
5754,10,8,2,2
5755,4,2,2,2
5756,5,6,1,-1
5757,2,3,1,-1
5758,5,0,5,5
5759,4,1,3,3
5760,6,3,3,3
5761,3,0,3,3
5762,3,2,1,1
5763,1,4,3,-3
5764,6,8,2,-2
5765,1,2,1,-1
5766,7,11,4,-4
5767,5,4,1,1
5768,11,2,9,9
5769,1,9,8,-8
5770,4,2,2,2
5771,6,4,2,2
5772,3,4,1,-1
5773,1,7,6,-6
5774,8,5,3,3
5775,2,5,3,-3
5776,2,1,1,1
5777,3,6,3,-3
5778,6,1,5,5
5779,1,7,6,-6
5780,3,4,1,-1
5781,9,8,1,1
5782,1,0,1,1
5783,9,1,8,8
5784,0,1,1,-1
5785,6,2,4,4
5786,3,2,1,1
5787,8,4,4,4
5788,3,5,2,-2
5789,10,8,2,2
5790,2,1,1,1
5791,10,2,8,8
5792,0,10,10,-10
5793,0,1,1,-1
5794,6,12,6,-6
5795,3,4,1,-1
5796,6,1,5,5
5797,6,2,4,4
5798,9,6,3,3
5799,11,3,8,8
5800,5,3,2,2
5801,5,12,7,-7
5802,8,2,6,6
5803,6,3,3,3
5804,3,5,2,-2
5805,5,0,5,5
5806,0,2,2,-2
5807,12,4,8,8
5808,5,3,2,2
5809,2,10,8,-8
5810,4,2,2,2
5811,0,11,11,-11
5812,2,6,4,-4
5813,0,3,3,-3
5814,2,4,2,-2
5815,0,3,3,-3
5816,6,7,1,-1
5817,7,3,4,4
5818,3,2,1,1
5819,7,2,5,5
5820,0,2,2,-2
5821,9,2,7,7
5822,1,4,3,-3
5823,6,2,4,4
5824,4,6,2,-2
5825,4,7,3,-3
5826,4,3,1,1
5827,3,8,5,-5
5828,5,6,1,-1
5829,5,0,5,5
5830,4,3,1,1
5831,5,4,1,1
5832,4,1,3,3
5833,7,10,3,-3
5834,5,3,2,2
5835,0,2,2,-2
5836,9,5,4,4
5837,0,5,5,-5
5838,4,5,1,-1
5839,2,1,1,1
5840,1,2,1,-1
5841,0,3,3,-3
5842,3,9,6,-6
5843,2,6,4,-4
5844,2,0,2,2
5845,7,4,3,3
5846,1,2,1,-1
5847,3,1,2,2
5848,5,3,2,2
5849,4,1,3,3
5850,5,3,2,2
5851,12,3,9,9
5852,9,10,1,-1
5853,2,6,4,-4
5854,1,7,6,-6
5855,7,9,2,-2
5856,6,7,1,-1
5857,0,5,5,-5
5858,2,1,1,1
5859,5,12,7,-7
5860,5,7,2,-2
5861,2,1,1,1
5862,2,3,1,-1
5863,3,6,3,-3
5864,4,3,1,1
5865,0,3,3,-3
5866,12,9,3,3
5867,2,0,2,2
5868,10,9,1,1
5869,0,5,5,-5
5870,2,7,5,-5
5871,2,7,5,-5
5872,7,3,4,4
5873,5,4,1,1
5874,0,6,6,-6
5875,5,15,10,-10
5876,0,7,7,-7
5877,1,8,7,-7
5878,3,1,2,2
5879,10,5,5,5
5880,1,4,3,-3
5881,10,14,4,-4
5882,2,1,1,1
5883,3,8,5,-5
5884,3,4,1,-1
5885,6,7,1,-1
5886,2,1,1,1
5887,4,2,2,2
5888,2,3,1,-1
5889,5,6,1,-1
5890,1,2,1,-1
5891,1,4,3,-3
5892,4,1,3,3
5893,1,9,8,-8
5894,2,5,3,-3
5895,5,8,3,-3
5896,1,2,1,-1
5897,4,1,3,3
5898,1,0,1,1
5899,11,4,7,7
5900,5,4,1,1
5901,1,4,3,-3
5902,1,6,5,-5
5903,5,4,1,1
5904,2,0,2,2
5905,12,5,7,7
5906,4,6,2,-2
5907,1,4,3,-3
5908,5,9,4,-4
5909,3,1,2,2
5910,3,1,2,2
5911,4,8,4,-4
5912,6,8,2,-2
5913,8,2,6,6
5914,9,8,1,1
5915,11,7,4,4
5916,5,10,5,-5
5917,0,6,6,-6
5918,1,8,7,-7
5919,7,1,6,6
5920,4,3,1,1
5921,6,7,1,-1
5922,1,4,3,-3
5923,5,1,4,4
5924,3,5,2,-2
5925,1,2,1,-1
5926,4,9,5,-5
5927,0,1,1,-1
5928,11,8,3,3
5929,2,4,2,-2
5930,2,4,2,-2
5931,1,5,4,-4
5932,4,3,1,1
5933,1,7,6,-6
5934,0,9,9,-9
5935,6,5,1,1
5936,3,2,1,1
5937,7,3,4,4
5938,3,2,1,1
5939,0,2,2,-2
5940,9,6,3,3
5941,0,8,8,-8
5942,1,4,3,-3
5943,1,7,6,-6
5944,1,0,1,1
5945,8,2,6,6
5946,1,6,5,-5
5947,1,3,2,-2
5948,2,4,2,-2
5949,8,7,1,1
5950,8,7,1,1
5951,3,8,5,-5
5952,0,8,8,-8
5953,7,3,4,4
5954,1,5,4,-4
5955,2,8,6,-6
5956,3,2,1,1
5957,4,6,2,-2
5958,2,3,1,-1
5959,5,7,2,-2
5960,1,8,7,-7
5961,3,5,2,-2
5962,3,4,1,-1
5963,12,5,7,7
5964,3,5,2,-2
5965,5,2,3,3
5966,4,5,1,-1
5967,0,2,2,-2
5968,13,1,12,12
5969,4,10,6,-6
5970,4,5,1,-1
5971,12,5,7,7
5972,4,5,1,-1
5973,2,1,1,1
5974,9,13,4,-4
5975,4,6,2,-2
5976,17,1,16,16
5977,8,4,4,4
5978,11,5,6,6
5979,0,1,1,-1
5980,3,5,2,-2
5981,11,7,4,4
5982,0,3,3,-3
5983,7,2,5,5
5984,4,3,1,1
5985,0,1,1,-1
5986,5,2,3,3
5987,6,7,1,-1
5988,9,7,2,2
5989,3,2,1,1
5990,10,11,1,-1
5991,7,3,4,4
5992,3,2,1,1
5993,5,4,1,1
5994,0,5,5,-5
5995,8,9,1,-1
5996,4,3,1,1
5997,14,7,7,7
5998,5,0,5,5
5999,2,4,2,-2
6000,3,4,1,-1
6001,5,7,2,-2
6002,5,4,1,1
6003,0,4,4,-4
6004,2,10,8,-8
6005,9,0,9,9
6006,2,6,4,-4
6007,9,3,6,6
6008,5,1,4,4
6009,14,5,9,9
6010,11,5,6,6
6011,2,7,5,-5
6012,1,5,4,-4
6013,0,4,4,-4
6014,2,3,1,-1
6015,6,2,4,4
6016,2,7,5,-5
6017,2,11,9,-9
6018,5,7,2,-2
6019,2,3,1,-1
6020,8,4,4,4
6021,5,0,5,5
6022,2,3,1,-1
6023,2,10,8,-8
6024,2,1,1,1
6025,7,3,4,4
6026,6,2,4,4
6027,8,10,2,-2
6028,2,4,2,-2
6029,2,1,1,1
6030,5,3,2,2
6031,3,1,2,2
6032,10,6,4,4
6033,8,4,4,4
6034,0,3,3,-3
6035,2,0,2,2
6036,3,8,5,-5
6037,2,5,3,-3
6038,1,2,1,-1
6039,3,4,1,-1
6040,4,5,1,-1
6041,3,0,3,3
6042,6,4,2,2
6043,1,6,5,-5
6044,3,6,3,-3
6045,3,4,1,-1
6046,11,3,8,8
6047,6,2,4,4
6048,4,1,3,3
6049,8,2,6,6
6050,5,6,1,-1
6051,2,11,9,-9
6052,3,9,6,-6
6053,2,19,17,-17
6054,5,9,4,-4
6055,8,6,2,2
6056,2,3,1,-1
6057,5,4,1,1
6058,4,7,3,-3
6059,3,6,3,-3
6060,9,5,4,4
6061,3,10,7,-7
6062,1,3,2,-2
6063,12,13,1,-1
6064,1,11,10,-10
6065,7,8,1,-1
6066,3,2,1,1
6067,3,9,6,-6
6068,4,5,1,-1
6069,3,12,9,-9
6070,1,5,4,-4
6071,2,3,1,-1
6072,4,2,2,2
6073,4,3,1,1
6074,1,4,3,-3
6075,8,6,2,2
6076,5,1,4,4
6077,1,4,3,-3
6078,7,6,1,1
6079,9,2,7,7
6080,4,6,2,-2
6081,1,4,3,-3
6082,4,9,5,-5
6083,7,9,2,-2
6084,1,2,1,-1
6085,1,3,2,-2
6086,3,7,4,-4
6087,9,6,3,3
6088,4,1,3,3
6089,3,7,4,-4
6090,4,0,4,4
6091,5,6,1,-1
6092,0,2,2,-2
6093,1,2,1,-1
6094,2,6,4,-4
6095,5,6,1,-1
6096,3,2,1,1
6097,10,8,2,2
6098,2,4,2,-2
6099,10,3,7,7
6100,2,4,2,-2
6101,1,4,3,-3
6102,5,1,4,4
6103,3,5,2,-2
6104,7,1,6,6
6105,8,7,1,1
6106,5,0,5,5
6107,6,5,1,1
6108,6,0,6,6
6109,3,2,1,1
6110,5,1,4,4
6111,0,3,3,-3
6112,6,1,5,5
6113,5,9,4,-4
6114,0,2,2,-2
6115,3,7,4,-4
6116,7,8,1,-1
6117,7,1,6,6
6118,3,4,1,-1
6119,3,5,2,-2
6120,3,6,3,-3
6121,1,3,2,-2
6122,6,3,3,3
6123,1,3,2,-2
6124,6,5,1,1
6125,2,3,1,-1
6126,1,4,3,-3
6127,0,6,6,-6
6128,7,3,4,4
6129,11,9,2,2
6130,7,6,1,1
6131,1,7,6,-6
6132,1,2,1,-1
6133,3,4,1,-1
6134,1,7,6,-6
6135,5,3,2,2
6136,7,0,7,7
6137,4,3,1,1
6138,2,13,11,-11
6139,4,2,2,2
6140,4,5,1,-1
6141,4,3,1,1
6142,7,2,5,5
6143,9,8,1,1
6144,6,3,3,3
6145,5,6,1,-1
6146,3,2,1,1
6147,3,1,2,2
6148,1,0,1,1
6149,5,7,2,-2
6150,1,8,7,-7
6151,3,5,2,-2
6152,2,6,4,-4
6153,1,2,1,-1
6154,5,1,4,4
6155,7,10,3,-3
6156,1,5,4,-4
6157,6,8,2,-2
6158,3,6,3,-3
6159,9,3,6,6
6160,3,5,2,-2
6161,0,7,7,-7
6162,3,5,2,-2
6163,9,11,2,-2
6164,7,8,1,-1
6165,1,4,3,-3
6166,2,3,1,-1
6167,8,5,3,3
6168,7,6,1,1
6169,1,2,1,-1
6170,6,4,2,2
6171,2,3,1,-1
6172,4,0,4,4
6173,2,1,1,1
6174,9,4,5,5
6175,10,8,2,2
6176,4,0,4,4
6177,7,3,4,4
6178,0,3,3,-3
6179,1,6,5,-5
6180,1,3,2,-2
6181,2,4,2,-2
6182,5,1,4,4
6183,7,2,5,5
6184,4,0,4,4
6185,1,4,3,-3
6186,2,3,1,-1
6187,1,5,4,-4
6188,6,8,2,-2
6189,9,4,5,5
6190,7,19,12,-12
6191,3,6,3,-3
6192,3,2,1,1
6193,5,3,2,2
6194,4,5,1,-1
6195,3,2,1,1
6196,3,5,2,-2
6197,3,2,1,1
6198,2,0,2,2
6199,7,5,2,2
6200,13,0,13,13
6201,9,6,3,3
6202,4,6,2,-2
6203,1,6,5,-5
6204,6,1,5,5
6205,2,4,2,-2
6206,9,0,9,9
6207,9,5,4,4
6208,0,4,4,-4
6209,6,2,4,4
6210,3,2,1,1
6211,2,3,1,-1
6212,2,8,6,-6
6213,4,5,1,-1
6214,1,10,9,-9
6215,2,7,5,-5
6216,7,8,1,-1
6217,2,1,1,1
6218,0,6,6,-6
6219,3,4,1,-1
6220,10,6,4,4
6221,9,4,5,5
6222,1,5,4,-4
6223,7,1,6,6
6224,9,6,3,3
6225,3,5,2,-2
6226,3,4,1,-1
6227,4,8,4,-4
6228,3,4,1,-1
6229,1,3,2,-2
6230,1,5,4,-4
6231,6,1,5,5
6232,4,3,1,1
6233,3,4,1,-1
6234,0,6,6,-6
6235,2,3,1,-1
6236,2,4,2,-2
6237,6,7,1,-1
6238,0,1,1,-1
6239,9,5,4,4
6240,1,6,5,-5
6241,6,1,5,5
6242,10,2,8,8
6243,2,4,2,-2
6244,2,1,1,1
6245,2,3,1,-1
6246,3,4,1,-1
6247,8,13,5,-5
6248,1,3,2,-2
6249,7,6,1,1
6250,7,2,5,5
6251,3,4,1,-1
6252,5,9,4,-4
6253,1,4,3,-3
6254,11,10,1,1
6255,9,2,7,7
6256,7,3,4,4
6257,3,1,2,2
6258,1,7,6,-6
6259,3,7,4,-4
6260,1,2,1,-1
6261,2,1,1,1
6262,3,12,9,-9
6263,2,6,4,-4
6264,8,5,3,3
6265,6,5,1,1
6266,1,5,4,-4
6267,8,6,2,2
6268,0,12,12,-12
6269,4,0,4,4
6270,2,5,3,-3
6271,4,7,3,-3
6272,15,7,8,8
6273,4,3,1,1
6274,4,6,2,-2
6275,7,5,2,2
6276,4,5,1,-1
6277,2,1,1,1
6278,2,8,6,-6
6279,1,2,1,-1
6280,8,3,5,5
6281,3,4,1,-1
6282,0,3,3,-3
6283,2,3,1,-1
6284,0,7,7,-7
6285,2,9,7,-7
6286,3,6,3,-3
6287,4,7,3,-3
6288,1,3,2,-2
6289,4,1,3,3
6290,1,9,8,-8
6291,3,6,3,-3
6292,8,3,5,5
6293,1,2,1,-1
6294,8,2,6,6
6295,6,7,1,-1
6296,2,0,2,2
6297,1,7,6,-6
6298,5,3,2,2
6299,4,1,3,3
6300,3,1,2,2
6301,4,11,7,-7
6302,2,3,1,-1
6303,2,4,2,-2
6304,2,1,1,1
6305,7,2,5,5
6306,2,6,4,-4
6307,4,2,2,2
6308,4,3,1,1
6309,5,2,3,3
6310,6,7,1,-1
6311,5,1,4,4
6312,2,3,1,-1
6313,2,8,6,-6
6314,6,11,5,-5
6315,10,1,9,9
6316,2,8,6,-6
6317,5,3,2,2
6318,5,2,3,3
6319,3,5,2,-2
6320,16,0,16,16
6321,4,2,2,2
6322,5,3,2,2
6323,7,1,6,6
6324,5,2,3,3
6325,6,7,1,-1
6326,2,3,1,-1
6327,6,3,3,3
6328,2,3,1,-1
6329,2,6,4,-4
6330,3,5,2,-2
6331,1,4,3,-3
6332,4,10,6,-6
6333,3,1,2,2
6334,5,3,2,2
6335,8,2,6,6
6336,4,7,3,-3
6337,1,3,2,-2
6338,14,9,5,5
6339,0,11,11,-11
6340,3,10,7,-7
6341,1,6,5,-5
6342,9,5,4,4
6343,3,8,5,-5
6344,5,11,6,-6
6345,1,6,5,-5
6346,9,6,3,3
6347,3,0,3,3
6348,6,5,1,1
6349,7,2,5,5
6350,0,6,6,-6
6351,5,3,2,2
6352,3,0,3,3
6353,6,1,5,5
6354,5,12,7,-7
6355,8,6,2,2
6356,3,4,1,-1
6357,5,2,3,3
6358,1,5,4,-4
6359,3,6,3,-3
6360,1,2,1,-1
6361,2,3,1,-1
6362,9,7,2,2
6363,4,3,1,1
6364,2,4,2,-2
6365,4,1,3,3
6366,10,0,10,10
6367,2,0,2,2
6368,1,6,5,-5
6369,1,5,4,-4
6370,3,2,1,1
6371,6,7,1,-1
6372,0,2,2,-2
6373,4,1,3,3
6374,5,1,4,4
6375,2,6,4,-4
6376,2,4,2,-2
6377,7,2,5,5
6378,5,9,4,-4
6379,4,5,1,-1
6380,11,10,1,1
6381,4,0,4,4
6382,3,7,4,-4
6383,6,7,1,-1
6384,5,4,1,1
6385,3,4,1,-1
6386,1,4,3,-3
6387,15,8,7,7
6388,2,8,6,-6
6389,4,14,10,-10
6390,11,5,6,6
6391,7,2,5,5
6392,7,8,1,-1
6393,8,7,1,1
6394,1,4,3,-3
6395,3,8,5,-5
6396,4,3,1,1
6397,11,5,6,6
6398,8,0,8,8
6399,2,7,5,-5
6400,6,2,4,4
6401,1,7,6,-6
6402,5,0,5,5
6403,6,7,1,-1
6404,11,6,5,5
6405,8,2,6,6
6406,1,10,9,-9
6407,1,4,3,-3
6408,8,0,8,8
6409,7,5,2,2
6410,2,5,3,-3
6411,3,2,1,1
6412,3,12,9,-9
6413,4,1,3,3
6414,3,5,2,-2
6415,10,11,1,-1
6416,4,2,2,2
6417,8,4,4,4
6418,4,6,2,-2
6419,9,6,3,3
6420,4,0,4,4
6421,4,13,9,-9
6422,2,1,1,1
6423,3,2,1,1
6424,5,0,5,5
6425,6,7,1,-1
6426,1,4,3,-3
6427,9,15,6,-6
6428,1,6,5,-5
6429,4,9,5,-5
6430,2,8,6,-6
6431,9,1,8,8
6432,0,3,3,-3
6433,6,5,1,1
6434,6,8,2,-2
6435,2,10,8,-8
6436,5,3,2,2
6437,3,6,3,-3
6438,4,5,1,-1
6439,0,2,2,-2
6440,1,4,3,-3
6441,0,3,3,-3
6442,16,4,12,12
6443,1,6,5,-5
6444,4,2,2,2
6445,1,3,2,-2
6446,3,9,6,-6
6447,4,7,3,-3
6448,5,2,3,3
6449,6,4,2,2
6450,6,5,1,1
6451,1,6,5,-5
6452,4,2,2,2
6453,1,0,1,1
6454,3,1,2,2
6455,4,0,4,4
6456,3,2,1,1
6457,4,5,1,-1
6458,11,6,5,5
6459,1,3,2,-2
6460,0,3,3,-3
6461,6,2,4,4
6462,1,6,5,-5
6463,7,10,3,-3
6464,4,6,2,-2
6465,2,4,2,-2
6466,8,10,2,-2
6467,6,7,1,-1
6468,2,6,4,-4
6469,6,5,1,1
6470,1,0,1,1
6471,1,6,5,-5
6472,6,2,4,4
6473,8,3,5,5
6474,6,7,1,-1
6475,4,5,1,-1
6476,3,7,4,-4
6477,0,3,3,-3
6478,1,4,3,-3
6479,1,3,2,-2
6480,2,9,7,-7
6481,2,4,2,-2
6482,14,3,11,11
6483,2,7,5,-5
6484,4,0,4,4
6485,5,4,1,1
6486,2,0,2,2
6487,3,6,3,-3
6488,6,1,5,5
6489,0,4,4,-4
6490,0,2,2,-2
6491,2,8,6,-6
6492,7,8,1,-1
6493,6,3,3,3
6494,5,2,3,3
6495,7,5,2,2
6496,5,6,1,-1
6497,4,10,6,-6
6498,1,4,3,-3
6499,3,2,1,1
6500,3,1,2,2
6501,1,3,2,-2
6502,4,2,2,2
6503,0,3,3,-3
6504,10,4,6,6
6505,4,7,3,-3
6506,4,2,2,2
6507,2,9,7,-7
6508,10,9,1,1
6509,2,1,1,1
6510,2,6,4,-4
6511,12,8,4,4
6512,8,9,1,-1
6513,2,3,1,-1
6514,4,3,1,1
6515,4,6,2,-2
6516,2,3,1,-1
6517,13,0,13,13
6518,12,6,6,6
6519,6,7,1,-1
6520,0,2,2,-2
6521,15,0,15,15
6522,8,2,6,6
6523,3,5,2,-2
6524,4,3,1,1
6525,1,7,6,-6
6526,3,5,2,-2
6527,5,0,5,5
6528,1,6,5,-5
6529,6,3,3,3
6530,1,3,2,-2
6531,5,6,1,-1
6532,1,7,6,-6
6533,3,4,1,-1
6534,3,2,1,1
6535,12,6,6,6
6536,6,2,4,4
6537,10,4,6,6
6538,9,1,8,8
6539,10,8,2,2
6540,3,4,1,-1
6541,5,2,3,3
6542,4,0,4,4
6543,1,3,2,-2
6544,9,8,1,1
6545,3,0,3,3
6546,7,4,3,3
6547,7,3,4,4
6548,9,7,2,2
6549,2,5,3,-3
6550,4,2,2,2
6551,1,2,1,-1
6552,5,2,3,3
6553,6,5,1,1
6554,4,2,2,2
6555,5,6,1,-1
6556,3,7,4,-4
6557,9,3,6,6
6558,4,1,3,3
6559,5,0,5,5
6560,3,9,6,-6
6561,4,1,3,3
6562,3,5,2,-2
6563,3,7,4,-4
6564,14,1,13,13
6565,7,3,4,4
6566,3,8,5,-5
6567,7,10,3,-3
6568,4,7,3,-3
6569,3,0,3,3
6570,5,3,2,2
6571,5,0,5,5
6572,5,6,1,-1
6573,7,8,1,-1
6574,5,11,6,-6
6575,6,9,3,-3
6576,6,2,4,4
6577,3,9,6,-6
6578,2,8,6,-6
6579,4,1,3,3
6580,2,3,1,-1
6581,4,1,3,3
6582,1,7,6,-6
6583,6,9,3,-3
6584,4,0,4,4
6585,5,4,1,1
6586,14,2,12,12
6587,6,9,3,-3
6588,1,7,6,-6
6589,0,5,5,-5
6590,8,4,4,4
6591,0,3,3,-3
6592,2,3,1,-1
6593,3,2,1,1
6594,0,6,6,-6
6595,10,1,9,9
6596,0,3,3,-3
6597,6,8,2,-2
6598,1,0,1,1
6599,11,0,11,11
6600,1,6,5,-5
6601,2,8,6,-6
6602,4,8,4,-4
6603,3,5,2,-2
6604,2,3,1,-1
6605,5,1,4,4
6606,2,3,1,-1
6607,0,1,1,-1
6608,9,5,4,4
6609,1,6,5,-5
6610,2,7,5,-5
6611,1,6,5,-5
6612,6,7,1,-1
6613,2,9,7,-7
6614,9,3,6,6
6615,6,4,2,2
6616,2,5,3,-3
6617,7,0,7,7
6618,6,3,3,3
6619,3,0,3,3
6620,10,6,4,4
6621,7,2,5,5
6622,0,6,6,-6
6623,8,4,4,4
6624,3,5,2,-2
6625,4,7,3,-3
6626,6,10,4,-4
6627,2,1,1,1
6628,12,3,9,9
6629,3,5,2,-2
6630,2,4,2,-2
6631,4,6,2,-2
6632,4,6,2,-2
6633,3,5,2,-2
6634,2,3,1,-1
6635,3,4,1,-1
6636,3,7,4,-4
6637,6,5,1,1
6638,3,1,2,2
6639,2,6,4,-4
6640,10,1,9,9
6641,2,1,1,1
6642,4,6,2,-2
6643,10,8,2,2
6644,3,2,1,1
6645,4,9,5,-5
6646,4,1,3,3
6647,5,8,3,-3
6648,2,3,1,-1
6649,2,1,1,1
6650,6,2,4,4
6651,3,5,2,-2
6652,9,7,2,2
6653,6,5,1,1
6654,12,4,8,8
6655,4,3,1,1
6656,8,7,1,1
6657,4,5,1,-1
6658,2,0,2,2
6659,8,3,5,5
6660,7,5,2,2
6661,2,5,3,-3
6662,1,4,3,-3
6663,0,7,7,-7
6664,1,5,4,-4
6665,11,2,9,9
6666,5,0,5,5
6667,4,5,1,-1
6668,2,3,1,-1
6669,8,1,7,7
6670,8,0,8,8
6671,1,7,6,-6
6672,6,3,3,3
6673,2,5,3,-3
6674,6,9,3,-3
6675,7,2,5,5
6676,3,5,2,-2
6677,1,5,4,-4
6678,1,5,4,-4
6679,12,3,9,9
6680,2,1,1,1
6681,5,9,4,-4
6682,3,1,2,2
6683,5,12,7,-7
6684,1,3,2,-2
6685,4,5,1,-1
6686,5,3,2,2
6687,3,7,4,-4
6688,3,5,2,-2
6689,1,4,3,-3
6690,1,5,4,-4
6691,1,0,1,1
6692,5,3,2,2
6693,6,5,1,1
6694,4,1,3,3
6695,2,5,3,-3
6696,6,2,4,4
6697,5,4,1,1
6698,5,7,2,-2
6699,0,7,7,-7
6700,1,4,3,-3
6701,7,3,4,4
6702,1,2,1,-1
6703,2,3,1,-1
6704,1,5,4,-4
6705,1,3,2,-2
6706,3,5,2,-2
6707,3,12,9,-9
6708,2,3,1,-1
6709,0,3,3,-3
6710,8,4,4,4
6711,2,3,1,-1
6712,5,2,3,3
6713,3,2,1,1
6714,2,4,2,-2
6715,2,4,2,-2
6716,5,1,4,4
6717,14,13,1,1
6718,2,3,1,-1
6719,0,5,5,-5
6720,6,10,4,-4
6721,1,0,1,1
6722,3,4,1,-1
6723,2,5,3,-3
6724,5,13,8,-8
6725,4,6,2,-2
6726,3,4,1,-1
6727,8,9,1,-1
6728,3,1,2,2
6729,2,1,1,1
6730,5,4,1,1
6731,0,8,8,-8
6732,5,0,5,5
6733,3,5,2,-2
6734,8,5,3,3
6735,4,11,7,-7
6736,3,1,2,2
6737,2,4,2,-2
6738,6,5,1,1
6739,3,5,2,-2
6740,2,8,6,-6
6741,10,9,1,1
6742,4,5,1,-1
6743,1,3,2,-2
6744,3,5,2,-2
6745,4,2,2,2
6746,3,9,6,-6
6747,9,3,6,6
6748,4,3,1,1
6749,2,8,6,-6
6750,2,8,6,-6
6751,1,3,2,-2
6752,2,4,2,-2
6753,0,4,4,-4
6754,7,3,4,4
6755,6,8,2,-2
6756,3,4,1,-1
6757,4,2,2,2
6758,2,5,3,-3
6759,6,5,1,1
6760,5,4,1,1
6761,0,5,5,-5
6762,8,2,6,6
6763,6,2,4,4
6764,1,2,1,-1
6765,1,4,3,-3
6766,7,0,7,7
6767,7,1,6,6
6768,3,4,1,-1
6769,1,5,4,-4
6770,3,0,3,3
6771,1,0,1,1
6772,8,7,1,1
6773,5,6,1,-1
6774,3,2,1,1
6775,15,4,11,11
6776,0,10,10,-10
6777,4,3,1,1
6778,0,3,3,-3
6779,5,6,1,-1
6780,0,6,6,-6
6781,7,0,7,7
6782,8,9,1,-1
6783,5,2,3,3
6784,1,2,1,-1
6785,0,1,1,-1
6786,5,2,3,3
6787,4,1,3,3
6788,4,8,4,-4
6789,3,2,1,1
6790,0,9,9,-9
6791,9,5,4,4
6792,0,9,9,-9
6793,2,0,2,2
6794,3,10,7,-7
6795,8,1,7,7
6796,8,4,4,4
6797,0,1,1,-1
6798,0,10,10,-10
6799,8,5,3,3
6800,8,4,4,4
6801,6,2,4,4
6802,3,1,2,2
6803,10,8,2,2
6804,6,4,2,2
6805,8,4,4,4
6806,3,2,1,1
6807,0,5,5,-5
6808,2,8,6,-6
6809,2,5,3,-3
6810,3,5,2,-2
6811,12,7,5,5
6812,1,2,1,-1
6813,5,4,1,1
6814,0,2,2,-2
6815,11,12,1,-1
6816,8,4,4,4
6817,2,0,2,2
6818,2,3,1,-1
6819,1,8,7,-7
6820,5,3,2,2
6821,4,7,3,-3
6822,6,1,5,5
6823,2,20,18,-18
6824,9,1,8,8
6825,1,2,1,-1
6826,8,5,3,3
6827,4,6,2,-2
6828,5,4,1,1
6829,9,3,6,6
6830,4,3,1,1
6831,3,0,3,3
6832,3,9,6,-6
6833,0,10,10,-10
6834,3,4,1,-1
6835,1,5,4,-4
6836,3,1,2,2
6837,8,7,1,1
6838,3,4,1,-1
6839,1,7,6,-6
6840,5,2,3,3
6841,5,4,1,1
6842,5,1,4,4
6843,5,2,3,3
6844,1,9,8,-8
6845,1,2,1,-1
6846,1,2,1,-1
6847,5,3,2,2
6848,2,3,1,-1
6849,10,9,1,1
6850,8,3,5,5
6851,2,4,2,-2
6852,4,6,2,-2
6853,8,3,5,5
6854,2,6,4,-4
6855,1,2,1,-1
6856,9,4,5,5
6857,7,8,1,-1
6858,7,5,2,2
6859,10,11,1,-1
6860,5,3,2,2
6861,4,5,1,-1
6862,5,1,4,4
6863,8,12,4,-4
6864,3,4,1,-1
6865,2,4,2,-2
6866,3,2,1,1
6867,8,4,4,4
6868,8,3,5,5
6869,1,4,3,-3
6870,3,4,1,-1
6871,4,0,4,4
6872,1,6,5,-5
6873,4,2,2,2
6874,3,4,1,-1
6875,3,7,4,-4
6876,5,1,4,4
6877,8,9,1,-1
6878,4,5,1,-1
6879,1,2,1,-1
6880,18,9,9,9
6881,3,2,1,1
6882,3,6,3,-3
6883,6,1,5,5
6884,4,3,1,1
6885,2,5,3,-3
6886,12,0,12,12
6887,6,0,6,6
6888,1,2,1,-1
6889,6,3,3,3
6890,8,4,4,4
6891,2,6,4,-4
6892,8,6,2,2
6893,1,5,4,-4
6894,5,11,6,-6
6895,2,6,4,-4
6896,1,7,6,-6
6897,7,6,1,1
6898,7,1,6,6
6899,1,2,1,-1
6900,6,4,2,2
6901,4,6,2,-2
6902,0,1,1,-1
6903,6,2,4,4
6904,4,3,1,1
6905,8,5,3,3
6906,3,6,3,-3
6907,6,2,4,4
6908,6,2,4,4
6909,1,9,8,-8
6910,6,10,4,-4
6911,5,4,1,1
6912,0,1,1,-1
6913,2,6,4,-4
6914,2,9,7,-7
6915,2,3,1,-1
6916,8,5,3,3
6917,7,5,2,2
6918,7,5,2,2
6919,7,6,1,1
6920,6,1,5,5
6921,1,3,2,-2
6922,5,3,2,2
6923,3,0,3,3
6924,2,3,1,-1
6925,12,2,10,10
6926,5,6,1,-1
6927,2,5,3,-3
6928,5,4,1,1
6929,9,7,2,2
6930,1,6,5,-5
6931,4,5,1,-1
6932,9,2,7,7
6933,4,5,1,-1
6934,0,3,3,-3
6935,6,1,5,5
6936,4,2,2,2
6937,1,5,4,-4
6938,11,3,8,8
6939,4,3,1,1
6940,8,5,3,3
6941,3,2,1,1
6942,6,3,3,3
6943,6,7,1,-1
6944,2,3,1,-1
6945,13,3,10,10
6946,4,3,1,1
6947,2,1,1,1
6948,7,8,1,-1
6949,4,2,2,2
6950,0,6,6,-6
6951,5,1,4,4
6952,3,2,1,1
6953,2,3,1,-1
6954,4,7,3,-3
6955,4,2,2,2
6956,2,8,6,-6
6957,0,4,4,-4
6958,4,5,1,-1
6959,8,0,8,8
6960,3,1,2,2
6961,1,6,5,-5
6962,2,7,5,-5
6963,3,4,1,-1
6964,5,6,1,-1
6965,4,1,3,3
6966,1,4,3,-3
6967,5,1,4,4
6968,1,3,2,-2
6969,3,11,8,-8
6970,6,5,1,1
6971,2,9,7,-7
6972,3,4,1,-1
6973,5,3,2,2
6974,9,1,8,8
6975,4,6,2,-2
6976,4,3,1,1
6977,0,1,1,-1
6978,3,5,2,-2
6979,9,8,1,1
6980,0,1,1,-1
6981,0,5,5,-5
6982,5,3,2,2
6983,7,9,2,-2
6984,4,6,2,-2
6985,4,1,3,3
6986,2,3,1,-1
6987,5,4,1,1
6988,8,6,2,2
6989,10,5,5,5
6990,2,5,3,-3
6991,3,2,1,1
6992,2,3,1,-1
6993,1,2,1,-1
6994,8,3,5,5
6995,5,1,4,4
6996,2,8,6,-6
6997,2,0,2,2
6998,1,3,2,-2
6999,2,3,1,-1
7000,0,6,6,-6
7001,2,3,1,-1
7002,2,0,2,2
7003,3,4,1,-1
7004,5,4,1,1
7005,3,8,5,-5
7006,4,6,2,-2
7007,2,1,1,1
7008,4,0,4,4
7009,9,7,2,2
7010,6,0,6,6
7011,6,4,2,2
7012,2,3,1,-1
7013,3,9,6,-6
7014,8,5,3,3
7015,6,2,4,4
7016,1,2,1,-1
7017,4,7,3,-3
7018,12,6,6,6
7019,5,8,3,-3
7020,0,4,4,-4
7021,7,3,4,4
7022,7,4,3,3
7023,5,3,2,2
7024,2,3,1,-1
7025,5,3,2,2
7026,3,5,2,-2
7027,2,5,3,-3
7028,8,6,2,2
7029,3,2,1,1
7030,3,2,1,1
7031,4,5,1,-1
7032,7,6,1,1
7033,0,5,5,-5
7034,3,4,1,-1
7035,4,6,2,-2
7036,6,9,3,-3
7037,3,4,1,-1
7038,6,7,1,-1
7039,4,3,1,1
7040,9,2,7,7
7041,4,6,2,-2
7042,9,5,4,4
7043,1,2,1,-1
7044,0,5,5,-5
7045,2,10,8,-8
7046,1,5,4,-4
7047,9,13,4,-4
7048,6,7,1,-1
7049,5,2,3,3
7050,5,4,1,1
7051,0,3,3,-3
7052,11,12,1,-1
7053,4,5,1,-1
7054,10,4,6,6
7055,5,2,3,3
7056,3,0,3,3
7057,7,5,2,2
7058,3,1,2,2
7059,1,2,1,-1
7060,3,11,8,-8
7061,6,5,1,1
7062,2,12,10,-10
7063,3,2,1,1
7064,4,2,2,2
7065,7,5,2,2
7066,2,3,1,-1
7067,3,1,2,2
7068,3,4,1,-1
7069,6,0,6,6
7070,3,6,3,-3
7071,1,4,3,-3
7072,6,2,4,4
7073,6,4,2,2
7074,2,6,4,-4
7075,0,3,3,-3
7076,2,4,2,-2
7077,1,2,1,-1
7078,3,1,2,2
7079,3,13,10,-10
7080,2,6,4,-4
7081,6,5,1,1
7082,3,0,3,3
7083,3,2,1,1
7084,3,1,2,2
7085,1,7,6,-6
7086,0,5,5,-5
7087,1,3,2,-2
7088,7,6,1,1
7089,3,1,2,2
7090,3,4,1,-1
7091,12,4,8,8
7092,3,4,1,-1
7093,7,10,3,-3
7094,4,7,3,-3
7095,6,5,1,1
7096,5,3,2,2
7097,16,1,15,15
7098,9,7,2,2
7099,2,9,7,-7
7100,4,5,1,-1
7101,1,4,3,-3
7102,2,6,4,-4
7103,4,2,2,2
7104,3,6,3,-3
7105,1,2,1,-1
7106,3,6,3,-3
7107,1,12,11,-11
7108,4,5,1,-1
7109,3,1,2,2
7110,15,5,10,10
7111,1,7,6,-6
7112,3,7,4,-4
7113,2,6,4,-4
7114,1,5,4,-4
7115,4,2,2,2
7116,2,4,2,-2
7117,9,6,3,3
7118,0,8,8,-8
7119,3,5,2,-2
7120,9,10,1,-1
7121,0,1,1,-1
7122,5,11,6,-6
7123,5,4,1,1
7124,0,6,6,-6
7125,8,7,1,1
7126,1,4,3,-3
7127,3,4,1,-1
7128,8,2,6,6
7129,4,8,4,-4
7130,4,10,6,-6
7131,1,4,3,-3
7132,1,2,1,-1
7133,10,4,6,6
7134,2,1,1,1
7135,15,4,11,11
7136,5,4,1,1
7137,3,2,1,1
7138,0,3,3,-3
7139,6,3,3,3
7140,5,3,2,2
7141,10,7,3,3
7142,8,1,7,7
7143,2,3,1,-1
7144,2,1,1,1
7145,6,4,2,2
7146,6,2,4,4
7147,1,4,3,-3
7148,9,5,4,4
7149,4,5,1,-1
7150,2,6,4,-4
7151,6,3,3,3
7152,4,5,1,-1
7153,2,4,2,-2
7154,6,1,5,5
7155,2,6,4,-4
7156,2,12,10,-10
7157,4,5,1,-1
7158,4,0,4,4
7159,5,2,3,3
7160,4,3,1,1
7161,0,2,2,-2
7162,4,5,1,-1
7163,3,2,1,1
7164,3,4,1,-1
7165,2,4,2,-2
7166,5,10,5,-5
7167,4,0,4,4
7168,10,6,4,4
7169,3,6,3,-3
7170,1,2,1,-1
7171,7,2,5,5
7172,3,4,1,-1
7173,2,12,10,-10
7174,4,2,2,2
7175,6,4,2,2
7176,4,5,1,-1
7177,8,2,6,6
7178,9,3,6,6
7179,0,3,3,-3
7180,8,1,7,7
7181,0,6,6,-6
7182,0,2,2,-2
7183,0,6,6,-6
7184,8,4,4,4
7185,8,2,6,6
7186,0,6,6,-6
7187,9,4,5,5
7188,3,2,1,1
7189,4,5,1,-1
7190,7,9,2,-2
7191,0,6,6,-6
7192,2,6,4,-4
7193,1,2,1,-1
7194,5,7,2,-2
7195,5,6,1,-1
7196,7,3,4,4
7197,8,4,4,4
7198,3,7,4,-4
7199,1,9,8,-8
7200,1,3,2,-2
7201,5,8,3,-3
7202,2,4,2,-2
7203,2,8,6,-6
7204,7,4,3,3
7205,11,4,7,7
7206,3,8,5,-5
7207,3,1,2,2
7208,0,8,8,-8
7209,1,2,1,-1
7210,7,6,1,1
7211,1,0,1,1
7212,3,1,2,2
7213,2,12,10,-10
7214,3,4,1,-1
7215,10,4,6,6
7216,7,6,1,1
7217,6,4,2,2
7218,4,7,3,-3
7219,2,3,1,-1
7220,2,8,6,-6
7221,0,2,2,-2
7222,0,3,3,-3
7223,9,5,4,4
7224,5,9,4,-4
7225,1,2,1,-1
7226,3,7,4,-4
7227,6,4,2,2
7228,3,6,3,-3
7229,6,2,4,4
7230,3,15,12,-12
7231,2,1,1,1
7232,2,5,3,-3
7233,5,4,1,1
7234,7,8,1,-1
7235,9,6,3,3
7236,7,2,5,5
7237,2,6,4,-4
7238,1,7,6,-6
7239,4,1,3,3
7240,7,0,7,7
7241,4,3,1,1
7242,7,5,2,2
7243,4,10,6,-6
7244,11,0,11,11
7245,6,3,3,3
7246,2,10,8,-8
7247,3,4,1,-1
7248,8,4,4,4
7249,3,5,2,-2
7250,5,6,1,-1
7251,7,5,2,2
7252,3,0,3,3
7253,2,3,1,-1
7254,2,3,1,-1
7255,3,5,2,-2
7256,1,2,1,-1
7257,2,4,2,-2
7258,2,0,2,2
7259,3,4,1,-1
7260,2,4,2,-2
7261,3,4,1,-1
7262,1,3,2,-2
7263,1,6,5,-5
7264,1,0,1,1
7265,3,4,1,-1
7266,3,5,2,-2
7267,3,0,3,3
7268,4,3,1,1
7269,3,4,1,-1
7270,3,4,1,-1
7271,1,5,4,-4
7272,3,1,2,2
7273,2,4,2,-2
7274,9,0,9,9
7275,1,0,1,1
7276,2,14,12,-12
7277,5,12,7,-7
7278,0,12,12,-12
7279,1,4,3,-3
7280,1,2,1,-1
7281,2,1,1,1
7282,4,5,1,-1
7283,1,5,4,-4
7284,4,2,2,2
7285,7,6,1,1
7286,4,0,4,4
7287,0,1,1,-1
7288,1,5,4,-4
7289,2,8,6,-6
7290,0,1,1,-1
7291,4,2,2,2
7292,8,2,6,6
7293,2,0,2,2
7294,2,6,4,-4
7295,5,7,2,-2
7296,3,1,2,2
7297,0,4,4,-4
7298,4,5,1,-1
7299,2,11,9,-9
7300,3,1,2,2
7301,0,2,2,-2
7302,7,0,7,7
7303,7,1,6,6
7304,7,4,3,3
7305,4,1,3,3
7306,6,1,5,5
7307,3,0,3,3
7308,8,4,4,4
7309,2,5,3,-3
7310,4,0,4,4
7311,2,3,1,-1
7312,7,4,3,3
7313,2,6,4,-4
7314,7,8,1,-1
7315,3,2,1,1
7316,9,10,1,-1
7317,2,9,7,-7
7318,4,5,1,-1
7319,5,3,2,2
7320,7,3,4,4
7321,4,8,4,-4
7322,0,3,3,-3
7323,0,3,3,-3
7324,3,1,2,2
7325,2,8,6,-6
7326,2,4,2,-2
7327,2,8,6,-6
7328,6,3,3,3
7329,8,10,2,-2
7330,2,0,2,2
7331,4,5,1,-1
7332,2,1,1,1
7333,3,2,1,1
7334,1,6,5,-5
7335,5,9,4,-4
7336,8,7,1,1
7337,3,8,5,-5
7338,8,3,5,5
7339,0,4,4,-4
7340,2,3,1,-1
7341,6,4,2,2
7342,1,4,3,-3
7343,0,15,15,-15
7344,2,5,3,-3
7345,0,3,3,-3
7346,3,1,2,2
7347,7,5,2,2
7348,13,4,9,9
7349,0,1,1,-1
7350,6,5,1,1
7351,3,4,1,-1
7352,4,8,4,-4
7353,6,3,3,3
7354,0,6,6,-6
7355,8,4,4,4
7356,0,5,5,-5
7357,5,6,1,-1
7358,7,6,1,1
7359,3,6,3,-3
7360,0,1,1,-1
7361,9,2,7,7
7362,3,7,4,-4
7363,3,4,1,-1
7364,6,3,3,3
7365,4,3,1,1
7366,3,4,1,-1
7367,7,0,7,7
7368,9,3,6,6
7369,13,0,13,13
7370,3,7,4,-4
7371,13,0,13,13
7372,1,5,4,-4
7373,3,6,3,-3
7374,1,9,8,-8
7375,2,6,4,-4
7376,8,7,1,1
7377,3,4,1,-1
7378,9,8,1,1
7379,14,3,11,11
7380,1,3,2,-2
7381,11,6,5,5
7382,1,3,2,-2
7383,0,3,3,-3
7384,4,5,1,-1
7385,5,3,2,2
7386,7,4,3,3
7387,2,0,2,2
7388,7,2,5,5
7389,2,4,2,-2
7390,13,4,9,9
7391,9,5,4,4
7392,14,1,13,13
7393,3,7,4,-4
7394,4,7,3,-3
7395,16,9,7,7
7396,1,6,5,-5
7397,6,5,1,1
7398,3,6,3,-3
7399,3,2,1,1
7400,3,8,5,-5
7401,3,9,6,-6
7402,6,9,3,-3
7403,1,5,4,-4
7404,7,8,1,-1
7405,11,5,6,6
7406,8,5,3,3
7407,8,6,2,2
7408,0,3,3,-3
7409,8,3,5,5
7410,2,0,2,2
7411,2,10,8,-8
7412,8,0,8,8
7413,3,7,4,-4
7414,4,3,1,1
7415,0,10,10,-10
7416,0,10,10,-10
7417,2,5,3,-3
7418,8,1,7,7
7419,3,2,1,1
7420,1,11,10,-10
7421,4,3,1,1
7422,7,6,1,1
7423,3,2,1,1
7424,4,7,3,-3
7425,5,0,5,5
7426,0,1,1,-1
7427,8,4,4,4
7428,16,5,11,11
7429,2,5,3,-3
7430,3,4,1,-1
7431,1,3,2,-2
7432,0,3,3,-3
7433,3,4,1,-1
7434,3,1,2,2
7435,5,6,1,-1
7436,7,5,2,2
7437,0,2,2,-2
7438,6,4,2,2
7439,4,5,1,-1
7440,1,2,1,-1
7441,4,9,5,-5
7442,3,2,1,1
7443,4,2,2,2
7444,5,3,2,2
7445,7,3,4,4
7446,3,1,2,2
7447,7,5,2,2
7448,3,2,1,1
7449,1,2,1,-1
7450,1,3,2,-2
7451,9,5,4,4
7452,0,8,8,-8
7453,3,1,2,2
7454,1,4,3,-3
7455,0,5,5,-5
7456,3,1,2,2
7457,2,3,1,-1
7458,0,3,3,-3
7459,10,1,9,9
7460,3,4,1,-1
7461,0,1,1,-1
7462,10,7,3,3
7463,2,1,1,1
7464,7,10,3,-3
7465,2,1,1,1
7466,4,3,1,1
7467,9,0,9,9
7468,2,3,1,-1
7469,2,8,6,-6
7470,2,11,9,-9
7471,3,4,1,-1
7472,2,4,2,-2
7473,6,3,3,3
7474,10,3,7,7
7475,10,6,4,4
7476,4,5,1,-1
7477,7,2,5,5
7478,6,8,2,-2
7479,2,4,2,-2
7480,3,4,1,-1
7481,6,2,4,4
7482,4,3,1,1
7483,3,6,3,-3
7484,4,2,2,2
7485,0,1,1,-1
7486,4,8,4,-4
7487,8,9,1,-1
7488,9,2,7,7
7489,2,8,6,-6
7490,8,10,2,-2
7491,6,2,4,4
7492,6,3,3,3
7493,3,4,1,-1
7494,5,7,2,-2
7495,2,1,1,1
7496,7,0,7,7
7497,1,0,1,1
7498,2,11,9,-9
7499,7,2,5,5
7500,6,1,5,5
7501,3,4,1,-1
7502,0,5,5,-5
7503,6,10,4,-4
7504,6,3,3,3
7505,6,2,4,4
7506,0,2,2,-2
7507,1,3,2,-2
7508,2,6,4,-4
7509,1,11,10,-10
7510,3,11,8,-8
7511,2,7,5,-5
7512,4,3,1,1
7513,6,4,2,2
7514,1,8,7,-7
7515,2,3,1,-1
7516,3,8,5,-5
7517,0,7,7,-7
7518,9,4,5,5
7519,2,1,1,1
7520,1,3,2,-2
7521,4,5,1,-1
7522,1,7,6,-6
7523,2,8,6,-6
7524,0,6,6,-6
7525,2,3,1,-1
7526,0,10,10,-10
7527,5,7,2,-2
7528,1,6,5,-5
7529,3,4,1,-1
7530,2,1,1,1
7531,19,6,13,13
7532,0,1,1,-1
7533,0,5,5,-5
7534,5,3,2,2
7535,2,3,1,-1
7536,3,4,1,-1
7537,1,5,4,-4
7538,7,6,1,1
7539,5,0,5,5
7540,1,3,2,-2
7541,0,2,2,-2
7542,3,4,1,-1
7543,7,4,3,3
7544,4,2,2,2
7545,5,4,1,1
7546,5,3,2,2
7547,5,4,1,1
7548,1,8,7,-7
7549,3,11,8,-8
7550,4,8,4,-4
7551,6,10,4,-4
7552,5,4,1,1
7553,2,4,2,-2
7554,0,2,2,-2
7555,3,7,4,-4
7556,2,4,2,-2
7557,0,5,5,-5
7558,7,6,1,1
7559,1,2,1,-1
7560,6,9,3,-3
7561,3,2,1,1
7562,7,1,6,6
7563,1,5,4,-4
7564,4,5,1,-1
7565,2,3,1,-1
7566,7,1,6,6
7567,4,5,1,-1
7568,3,2,1,1
7569,4,5,1,-1
7570,3,4,1,-1
7571,13,0,13,13
7572,2,3,1,-1
7573,3,4,1,-1
7574,8,5,3,3
7575,4,3,1,1
7576,4,2,2,2
7577,4,3,1,1
7578,10,2,8,8
7579,7,2,5,5
7580,2,0,2,2
7581,6,3,3,3
7582,6,4,2,2
7583,2,0,2,2
7584,11,3,8,8
7585,6,5,1,1
7586,5,6,1,-1
7587,2,3,1,-1
7588,5,7,2,-2
7589,3,10,7,-7
7590,0,3,3,-3
7591,0,1,1,-1
7592,5,6,1,-1
7593,3,7,4,-4
7594,5,3,2,2
7595,1,2,1,-1
7596,3,2,1,1
7597,4,2,2,2
7598,2,7,5,-5
7599,2,5,3,-3
7600,8,3,5,5
7601,2,1,1,1
7602,3,5,2,-2
7603,10,2,8,8
7604,0,6,6,-6
7605,2,3,1,-1
7606,4,3,1,1
7607,3,2,1,1
7608,6,4,2,2
7609,1,8,7,-7
7610,3,7,4,-4
7611,4,5,1,-1
7612,0,10,10,-10
7613,4,3,1,1
7614,4,6,2,-2
7615,3,0,3,3
7616,6,3,3,3
7617,6,3,3,3
7618,5,7,2,-2
7619,4,2,2,2
7620,4,0,4,4
7621,1,2,1,-1
7622,1,9,8,-8
7623,0,1,1,-1
7624,4,8,4,-4
7625,10,4,6,6
7626,4,7,3,-3
7627,2,3,1,-1
7628,2,7,5,-5
7629,4,5,1,-1
7630,7,3,4,4
7631,2,3,1,-1
7632,2,3,1,-1
7633,6,4,2,2
7634,3,2,1,1
7635,9,4,5,5
7636,7,8,1,-1
7637,5,3,2,2
7638,3,6,3,-3
7639,1,6,5,-5
7640,8,3,5,5
7641,3,8,5,-5
7642,0,9,9,-9
7643,10,3,7,7
7644,0,5,5,-5
7645,2,3,1,-1
7646,8,9,1,-1
7647,1,2,1,-1
7648,2,4,2,-2
7649,0,2,2,-2
7650,4,6,2,-2
7651,5,1,4,4
7652,4,6,2,-2
7653,9,0,9,9
7654,5,2,3,3
7655,3,4,1,-1
7656,9,0,9,9
7657,9,1,8,8
7658,8,10,2,-2
7659,2,6,4,-4
7660,6,4,2,2
7661,2,3,1,-1
7662,3,5,2,-2
7663,12,2,10,10
7664,3,4,1,-1
7665,4,10,6,-6
7666,2,1,1,1
7667,2,14,12,-12
7668,1,6,5,-5
7669,2,8,6,-6
7670,4,7,3,-3
7671,6,10,4,-4
7672,7,2,5,5
7673,6,10,4,-4
7674,7,9,2,-2
7675,2,1,1,1
7676,1,8,7,-7
7677,13,7,6,6
7678,2,6,4,-4
7679,1,2,1,-1
7680,8,12,4,-4
7681,1,2,1,-1
7682,0,6,6,-6
7683,6,2,4,4
7684,8,9,1,-1
7685,4,5,1,-1
7686,5,4,1,1
7687,3,8,5,-5
7688,5,2,3,3
7689,10,1,9,9
7690,9,6,3,3
7691,2,0,2,2
7692,2,6,4,-4
7693,7,3,4,4
7694,7,6,1,1
7695,6,4,2,2
7696,2,4,2,-2
7697,5,1,4,4
7698,7,3,4,4
7699,3,1,2,2
7700,3,1,2,2
7701,3,1,2,2
7702,4,2,2,2
7703,6,5,1,1
7704,2,7,5,-5
7705,0,4,4,-4
7706,6,7,1,-1
7707,4,3,1,1
7708,2,0,2,2
7709,0,7,7,-7
7710,4,0,4,4
7711,7,5,2,2
7712,6,5,1,1
7713,7,4,3,3
7714,6,1,5,5
7715,1,4,3,-3
7716,1,3,2,-2
7717,6,7,1,-1
7718,1,2,1,-1
7719,5,4,1,1
7720,3,7,4,-4
7721,17,2,15,15
7722,0,2,2,-2
7723,2,4,2,-2
7724,1,5,4,-4
7725,8,1,7,7
7726,6,4,2,2
7727,3,9,6,-6
7728,7,6,1,1
7729,2,0,2,2
7730,5,4,1,1
7731,8,1,7,7
7732,9,10,1,-1
7733,8,4,4,4
7734,4,2,2,2
7735,9,0,9,9
7736,5,6,1,-1
7737,5,4,1,1
7738,3,4,1,-1
7739,2,10,8,-8
7740,4,9,5,-5
7741,7,4,3,3
7742,8,3,5,5
7743,10,1,9,9
7744,14,2,12,12
7745,6,2,4,4
7746,1,5,4,-4
7747,3,4,1,-1
7748,5,6,1,-1
7749,3,7,4,-4
7750,2,1,1,1
7751,8,7,1,1
7752,2,9,7,-7
7753,7,4,3,3
7754,9,2,7,7
7755,0,5,5,-5
7756,6,2,4,4
7757,3,4,1,-1
7758,6,1,5,5
7759,0,1,1,-1
7760,6,7,1,-1
7761,6,4,2,2
7762,1,2,1,-1
7763,4,5,1,-1
7764,0,2,2,-2
7765,5,3,2,2
7766,3,6,3,-3
7767,0,1,1,-1
7768,1,4,3,-3
7769,1,5,4,-4
7770,6,2,4,4
7771,3,5,2,-2
7772,15,8,7,7
7773,3,4,1,-1
7774,1,3,2,-2
7775,4,10,6,-6
7776,5,4,1,1
7777,7,2,5,5
7778,3,2,1,1
7779,3,2,1,1
7780,4,1,3,3
7781,6,3,3,3
7782,2,1,1,1
7783,0,1,1,-1
7784,3,4,1,-1
7785,1,3,2,-2
7786,6,2,4,4
7787,5,3,2,2
7788,2,9,7,-7
7789,6,5,1,1
7790,4,5,1,-1
7791,1,2,1,-1
7792,3,1,2,2
7793,2,3,1,-1
7794,6,3,3,3
7795,4,5,1,-1
7796,0,5,5,-5
7797,7,5,2,2
7798,4,10,6,-6
7799,4,2,2,2
7800,11,6,5,5
7801,9,6,3,3
7802,3,6,3,-3
7803,3,6,3,-3
7804,2,3,1,-1
7805,3,4,1,-1
7806,5,4,1,1
7807,7,3,4,4
7808,2,8,6,-6
7809,0,3,3,-3
7810,3,7,4,-4
7811,3,2,1,1
7812,3,2,1,1
7813,7,6,1,1
7814,8,7,1,1
7815,3,2,1,1
7816,5,8,3,-3
7817,4,3,1,1
7818,7,8,1,-1
7819,3,1,2,2
7820,7,13,6,-6
7821,1,7,6,-6
7822,11,2,9,9
7823,1,10,9,-9
7824,0,3,3,-3
7825,8,2,6,6
7826,12,4,8,8
7827,0,3,3,-3
7828,4,3,1,1
7829,12,7,5,5
7830,4,2,2,2
7831,6,0,6,6
7832,1,6,5,-5
7833,2,4,2,-2
7834,4,2,2,2
7835,1,5,4,-4
7836,3,5,2,-2
7837,3,2,1,1
7838,1,5,4,-4
7839,8,2,6,6
7840,2,1,1,1
7841,11,4,7,7
7842,0,1,1,-1
7843,7,0,7,7
7844,2,7,5,-5
7845,3,10,7,-7
7846,1,5,4,-4
7847,10,1,9,9
7848,1,9,8,-8
7849,6,2,4,4
7850,5,1,4,4
7851,3,6,3,-3
7852,2,6,4,-4
7853,3,2,1,1
7854,2,6,4,-4
7855,4,2,2,2
7856,3,4,1,-1
7857,6,5,1,1
7858,3,5,2,-2
7859,6,10,4,-4
7860,0,2,2,-2
7861,9,4,5,5
7862,0,2,2,-2
7863,6,2,4,4
7864,2,6,4,-4
7865,3,4,1,-1
7866,4,10,6,-6
7867,9,5,4,4
7868,8,4,4,4
7869,7,5,2,2
7870,9,4,5,5
7871,12,2,10,10
7872,6,2,4,4
7873,9,2,7,7
7874,3,11,8,-8
7875,3,5,2,-2
7876,3,6,3,-3
7877,1,3,2,-2
7878,4,0,4,4
7879,10,4,6,6
7880,1,3,2,-2
7881,2,4,2,-2
7882,5,4,1,1
7883,3,2,1,1
7884,4,3,1,1
7885,4,10,6,-6
7886,8,6,2,2
7887,5,3,2,2
7888,1,7,6,-6
7889,6,2,4,4
7890,5,2,3,3
7891,3,0,3,3
7892,12,10,2,2
7893,3,6,3,-3
7894,3,2,1,1
7895,0,5,5,-5
7896,1,2,1,-1
7897,2,1,1,1
7898,5,8,3,-3
7899,3,2,1,1
7900,9,10,1,-1
7901,9,2,7,7
7902,3,5,2,-2
7903,4,5,1,-1
7904,6,5,1,1
7905,6,7,1,-1
7906,9,12,3,-3
7907,10,6,4,4
7908,4,5,1,-1
7909,12,5,7,7
7910,2,7,5,-5
7911,1,2,1,-1
7912,2,7,5,-5
7913,1,3,2,-2
7914,2,8,6,-6
7915,2,10,8,-8
7916,1,0,1,1
7917,10,0,10,10
7918,4,2,2,2
7919,1,2,1,-1
7920,6,4,2,2
7921,2,6,4,-4
7922,3,1,2,2
7923,0,6,6,-6
7924,5,1,4,4
7925,3,4,1,-1
7926,8,11,3,-3
7927,2,5,3,-3
7928,4,3,1,1
7929,0,5,5,-5
7930,1,2,1,-1
7931,2,3,1,-1
7932,0,1,1,-1
7933,4,13,9,-9
7934,2,4,2,-2
7935,6,4,2,2
7936,4,6,2,-2
7937,8,10,2,-2
7938,5,6,1,-1
7939,9,2,7,7
7940,5,7,2,-2
7941,1,5,4,-4
7942,5,1,4,4
7943,1,5,4,-4
7944,3,1,2,2
7945,4,3,1,1
7946,2,4,2,-2
7947,0,8,8,-8
7948,0,12,12,-12
7949,2,3,1,-1
7950,1,3,2,-2
7951,5,1,4,4
7952,7,3,4,4
7953,1,0,1,1
7954,4,3,1,1
7955,4,5,1,-1
7956,4,5,1,-1
7957,7,3,4,4
7958,2,5,3,-3
7959,4,0,4,4
7960,4,5,1,-1
7961,10,2,8,8
7962,2,4,2,-2
7963,1,7,6,-6
7964,3,6,3,-3
7965,6,2,4,4
7966,11,7,4,4
7967,1,3,2,-2
7968,1,3,2,-2
7969,3,4,1,-1
7970,3,8,5,-5
7971,1,4,3,-3
7972,3,0,3,3
7973,9,2,7,7
7974,7,4,3,3
7975,0,1,1,-1
7976,5,3,2,2
7977,2,1,1,1
7978,12,3,9,9
7979,6,7,1,-1
7980,5,4,1,1
7981,6,12,6,-6
7982,2,4,2,-2
7983,1,8,7,-7
7984,3,4,1,-1
7985,0,6,6,-6
7986,6,5,1,1
7987,5,2,3,3
7988,9,5,4,4
7989,9,4,5,5
7990,10,6,4,4
7991,2,5,3,-3
7992,4,7,3,-3
7993,7,0,7,7
7994,1,2,1,-1
7995,7,5,2,2
7996,5,0,5,5
7997,2,5,3,-3
7998,4,7,3,-3
7999,1,2,1,-1
8000,3,2,1,1
8001,11,5,6,6
8002,7,0,7,7
8003,5,2,3,3
8004,4,3,1,1
8005,6,5,1,1
8006,10,4,6,6
8007,2,5,3,-3
8008,3,5,2,-2
8009,5,2,3,3
8010,6,0,6,6
8011,5,6,1,-1
8012,5,3,2,2
8013,5,6,1,-1
8014,3,5,2,-2
8015,1,6,5,-5
8016,6,2,4,4
8017,5,2,3,3
8018,3,4,1,-1
8019,3,8,5,-5
8020,5,6,1,-1
8021,5,6,1,-1
8022,5,4,1,1
8023,5,3,2,2
8024,5,4,1,1
8025,2,4,2,-2
8026,3,7,4,-4
8027,1,6,5,-5
8028,3,9,6,-6
8029,7,0,7,7
8030,5,6,1,-1
8031,2,3,1,-1
8032,6,3,3,3
8033,1,4,3,-3
8034,0,9,9,-9
8035,6,10,4,-4
8036,3,9,6,-6
8037,3,5,2,-2
8038,4,5,1,-1
8039,2,4,2,-2
8040,7,8,1,-1
8041,6,3,3,3
8042,1,2,1,-1
8043,6,2,4,4
8044,3,1,2,2
8045,1,0,1,1
8046,2,1,1,1
8047,4,1,3,3
8048,3,6,3,-3
8049,6,1,5,5
8050,6,7,1,-1
8051,7,6,1,1
8052,2,8,6,-6
8053,0,3,3,-3
8054,6,5,1,1
8055,1,2,1,-1
8056,3,9,6,-6
8057,3,4,1,-1
8058,6,9,3,-3
8059,2,5,3,-3
8060,1,4,3,-3
8061,9,4,5,5
8062,3,0,3,3
8063,3,9,6,-6
8064,6,3,3,3
8065,3,1,2,2
8066,3,4,1,-1
8067,3,5,2,-2
8068,2,3,1,-1
8069,9,6,3,3
8070,3,5,2,-2
8071,2,3,1,-1
8072,0,2,2,-2
8073,1,7,6,-6
8074,6,8,2,-2
8075,3,1,2,2
8076,5,9,4,-4
8077,3,11,8,-8
8078,3,8,5,-5
8079,7,5,2,2
8080,5,2,3,3
8081,9,2,7,7
8082,0,1,1,-1
8083,7,1,6,6
8084,2,5,3,-3
8085,4,2,2,2
8086,6,3,3,3
8087,5,7,2,-2
8088,9,2,7,7
8089,3,0,3,3
8090,1,4,3,-3
8091,0,3,3,-3
8092,2,7,5,-5
8093,3,2,1,1
8094,2,7,5,-5
8095,7,5,2,2
8096,1,5,4,-4
8097,8,5,3,3
8098,6,0,6,6
8099,3,4,1,-1
8100,2,0,2,2
8101,10,3,7,7
8102,0,5,5,-5
8103,4,5,1,-1
8104,11,1,10,10
8105,3,4,1,-1
8106,4,1,3,3
8107,1,2,1,-1
8108,12,4,8,8
8109,6,7,1,-1
8110,1,8,7,-7
8111,4,3,1,1
8112,2,0,2,2
8113,3,4,1,-1
8114,0,8,8,-8
8115,1,7,6,-6
8116,5,4,1,1
8117,2,4,2,-2
8118,11,3,8,8
8119,0,10,10,-10
8120,3,0,3,3
8121,0,2,2,-2
8122,1,3,2,-2
8123,3,6,3,-3
8124,8,4,4,4
8125,2,7,5,-5
8126,6,11,5,-5
8127,5,7,2,-2
8128,4,5,1,-1
8129,7,4,3,3
8130,4,2,2,2
8131,2,1,1,1
8132,4,7,3,-3
8133,2,4,2,-2
8134,2,7,5,-5
8135,0,3,3,-3
8136,1,2,1,-1
8137,10,2,8,8
8138,2,7,5,-5
8139,1,7,6,-6
8140,3,4,1,-1
8141,5,17,12,-12
8142,1,10,9,-9
8143,4,1,3,3
8144,3,0,3,3
8145,3,4,1,-1
8146,4,7,3,-3
8147,4,5,1,-1
8148,5,4,1,1
8149,7,9,2,-2
8150,3,4,1,-1
8151,3,7,4,-4
8152,1,2,1,-1
8153,7,6,1,1
8154,2,3,1,-1
8155,8,6,2,2
8156,3,2,1,1
8157,3,0,3,3
8158,7,11,4,-4
8159,1,4,3,-3
8160,4,6,2,-2
8161,7,5,2,2
8162,0,5,5,-5
8163,12,4,8,8
8164,6,2,4,4
8165,6,1,5,5
8166,1,6,5,-5
8167,4,0,4,4
8168,10,3,7,7
8169,10,1,9,9
8170,3,6,3,-3
8171,5,4,1,1
8172,2,5,3,-3
8173,3,1,2,2
8174,3,7,4,-4
8175,6,1,5,5
8176,6,5,1,1
8177,0,5,5,-5
8178,5,1,4,4
8179,8,12,4,-4
8180,4,3,1,1
8181,5,7,2,-2
8182,2,4,2,-2
8183,1,4,3,-3
8184,1,2,1,-1
8185,1,6,5,-5
8186,1,3,2,-2
8187,2,0,2,2
8188,9,2,7,7
8189,9,10,1,-1
8190,1,2,1,-1
8191,4,5,1,-1
8192,9,5,4,4
8193,2,7,5,-5
8194,1,4,3,-3
8195,4,6,2,-2
8196,2,7,5,-5
8197,3,1,2,2
8198,0,8,8,-8
8199,3,4,1,-1
8200,10,5,5,5
8201,6,2,4,4
8202,2,4,2,-2
8203,4,2,2,2
8204,2,1,1,1
8205,3,4,1,-1
8206,2,1,1,1
8207,4,3,1,1
8208,5,10,5,-5
8209,2,4,2,-2
8210,1,4,3,-3
8211,0,2,2,-2
8212,2,1,1,1
8213,10,7,3,3
8214,6,4,2,2
8215,6,2,4,4
8216,1,4,3,-3
8217,11,4,7,7
8218,7,8,1,-1
8219,8,1,7,7
8220,1,9,8,-8
8221,8,4,4,4
8222,0,7,7,-7
8223,4,5,1,-1
8224,3,4,1,-1
8225,6,10,4,-4
8226,2,3,1,-1
8227,2,3,1,-1
8228,10,8,2,2
8229,3,6,3,-3
8230,6,2,4,4
8231,5,4,1,1
8232,6,1,5,5
8233,6,7,1,-1
8234,2,3,1,-1
8235,7,5,2,2
8236,3,2,1,1
8237,2,3,1,-1
8238,4,6,2,-2
8239,0,4,4,-4
8240,3,8,5,-5
8241,5,2,3,3
8242,12,2,10,10
8243,3,8,5,-5
8244,3,5,2,-2
8245,4,5,1,-1
8246,9,2,7,7
8247,2,8,6,-6
8248,2,3,1,-1
8249,9,5,4,4
8250,2,3,1,-1
8251,3,4,1,-1
8252,2,5,3,-3
8253,6,1,5,5
8254,2,1,1,1
8255,5,2,3,3
8256,2,1,1,1
8257,5,1,4,4
8258,8,6,2,2
8259,10,1,9,9
8260,1,5,4,-4
8261,8,12,4,-4
8262,3,5,2,-2
8263,4,5,1,-1
8264,3,2,1,1
8265,2,3,1,-1
8266,10,1,9,9
8267,3,1,2,2
8268,5,6,1,-1
8269,5,4,1,1
8270,2,1,1,1
8271,10,0,10,10
8272,2,5,3,-3
8273,0,2,2,-2
8274,1,2,1,-1
8275,1,2,1,-1
8276,4,0,4,4
8277,3,2,1,1
8278,7,2,5,5
8279,8,0,8,8
8280,6,0,6,6
8281,3,4,1,-1
8282,8,7,1,1
8283,4,5,1,-1
8284,6,3,3,3
8285,0,3,3,-3
8286,1,2,1,-1
8287,2,6,4,-4
8288,5,4,1,1
8289,7,6,1,1
8290,3,4,1,-1
8291,3,6,3,-3
8292,4,0,4,4
8293,3,5,2,-2
8294,6,1,5,5
8295,5,6,1,-1
8296,6,0,6,6
8297,5,10,5,-5
8298,13,7,6,6
8299,5,2,3,3
8300,5,3,2,2
8301,4,6,2,-2
8302,6,5,1,1
8303,3,6,3,-3
8304,0,2,2,-2
8305,4,5,1,-1
8306,5,2,3,3
8307,2,10,8,-8
8308,5,3,2,2
8309,7,2,5,5
8310,0,3,3,-3
8311,1,5,4,-4
8312,2,5,3,-3
8313,2,7,5,-5
8314,3,4,1,-1
8315,3,6,3,-3
8316,1,4,3,-3
8317,3,11,8,-8
8318,2,1,1,1
8319,1,5,4,-4
8320,4,2,2,2
8321,7,8,1,-1
8322,0,2,2,-2
8323,3,2,1,1
8324,1,2,1,-1
8325,1,4,3,-3
8326,4,5,1,-1
8327,5,3,2,2
8328,2,5,3,-3
8329,3,2,1,1
8330,1,5,4,-4
8331,1,3,2,-2
8332,3,4,1,-1
8333,5,2,3,3
8334,1,10,9,-9
8335,5,7,2,-2
8336,6,2,4,4
8337,3,8,5,-5
8338,2,3,1,-1
8339,4,3,1,1
8340,6,1,5,5
8341,4,0,4,4
8342,2,4,2,-2
8343,4,5,1,-1
8344,4,2,2,2
8345,0,1,1,-1
8346,6,2,4,4
8347,3,6,3,-3
8348,13,3,10,10
8349,3,1,2,2
8350,4,7,3,-3
8351,4,6,2,-2
8352,6,0,6,6
8353,4,9,5,-5
8354,2,5,3,-3
8355,1,3,2,-2
8356,3,5,2,-2
8357,1,2,1,-1
8358,6,2,4,4
8359,2,4,2,-2
8360,1,4,3,-3
8361,9,10,1,-1
8362,3,4,1,-1
8363,4,7,3,-3
8364,4,8,4,-4
8365,8,3,5,5
8366,3,4,1,-1
8367,4,3,1,1
8368,5,3,2,2
8369,3,6,3,-3
8370,2,1,1,1
8371,1,6,5,-5
8372,1,5,4,-4
8373,5,2,3,3
8374,1,5,4,-4
8375,10,6,4,4
8376,9,1,8,8
8377,2,6,4,-4
8378,6,3,3,3
8379,6,7,1,-1
8380,5,11,6,-6
8381,1,3,2,-2
8382,0,2,2,-2
8383,4,3,1,1
8384,2,5,3,-3
8385,6,3,3,3
8386,6,4,2,2
8387,1,2,1,-1
8388,6,1,5,5
8389,7,8,1,-1
8390,3,10,7,-7
8391,3,2,1,1
8392,5,7,2,-2
8393,5,7,2,-2
8394,2,4,2,-2
8395,3,4,1,-1
8396,4,3,1,1
8397,0,2,2,-2
8398,7,8,1,-1
8399,6,1,5,5
8400,1,2,1,-1
8401,4,2,2,2
8402,7,1,6,6
8403,10,9,1,1
8404,5,3,2,2
8405,5,7,2,-2
8406,6,7,1,-1
8407,3,1,2,2
8408,3,6,3,-3
8409,5,13,8,-8
8410,4,2,2,2
8411,6,14,8,-8
8412,7,4,3,3
8413,8,0,8,8
8414,3,1,2,2
8415,7,2,5,5
8416,2,1,1,1
8417,7,6,1,1
8418,5,2,3,3
8419,1,4,3,-3
8420,1,3,2,-2
8421,3,4,1,-1
8422,3,6,3,-3
8423,4,11,7,-7
8424,4,5,1,-1
8425,14,8,6,6
8426,13,5,8,8
8427,4,3,1,1
8428,3,4,1,-1
8429,3,7,4,-4
8430,9,4,5,5
8431,1,5,4,-4
8432,5,6,1,-1
8433,2,4,2,-2
8434,3,9,6,-6
8435,6,2,4,4
8436,5,7,2,-2
8437,4,3,1,1
8438,3,5,2,-2
8439,3,0,3,3
8440,7,4,3,3
8441,3,4,1,-1
8442,3,4,1,-1
8443,8,5,3,3
8444,0,5,5,-5
8445,4,2,2,2
8446,3,0,3,3
8447,2,4,2,-2
8448,3,5,2,-2
8449,5,4,1,1
8450,7,5,2,2
8451,2,3,1,-1
8452,3,7,4,-4
8453,4,7,3,-3
8454,3,1,2,2
8455,1,3,2,-2
8456,2,0,2,2
8457,3,2,1,1
8458,4,6,2,-2
8459,7,2,5,5
8460,3,2,1,1
8461,3,4,1,-1
8462,5,7,2,-2
8463,19,10,9,9
8464,9,8,1,1
8465,4,2,2,2
8466,9,3,6,6
8467,1,6,5,-5
8468,4,5,1,-1
8469,6,3,3,3
8470,0,4,4,-4
8471,0,3,3,-3
8472,1,4,3,-3
8473,16,1,15,15
8474,9,2,7,7
8475,6,4,2,2
8476,3,10,7,-7
8477,3,11,8,-8
8478,6,2,4,4
8479,4,3,1,1
8480,7,2,5,5
8481,2,6,4,-4
8482,7,1,6,6
8483,5,3,2,2
8484,3,4,1,-1
8485,6,4,2,2
8486,5,11,6,-6
8487,1,2,1,-1
8488,3,4,1,-1
8489,1,7,6,-6
8490,1,5,4,-4
8491,1,2,1,-1
8492,2,4,2,-2
8493,4,5,1,-1
8494,4,0,4,4
8495,3,1,2,2
8496,9,8,1,1
8497,5,7,2,-2
8498,7,6,1,1
8499,1,3,2,-2
8500,2,3,1,-1
8501,2,6,4,-4
8502,5,2,3,3
8503,1,6,5,-5
8504,2,6,4,-4
8505,13,2,11,11
8506,1,2,1,-1
8507,12,0,12,12
8508,10,4,6,6
8509,3,8,5,-5
8510,1,8,7,-7
8511,0,4,4,-4
8512,4,5,1,-1
8513,5,10,5,-5
8514,1,5,4,-4
8515,1,4,3,-3
8516,2,5,3,-3
8517,8,0,8,8
8518,6,5,1,1
8519,7,3,4,4
8520,7,8,1,-1
8521,9,2,7,7
8522,7,6,1,1
8523,3,11,8,-8
8524,0,3,3,-3
8525,8,0,8,8
8526,1,9,8,-8
8527,3,1,2,2
8528,4,0,4,4
8529,12,2,10,10
8530,1,2,1,-1
8531,4,2,2,2
8532,1,4,3,-3
8533,5,6,1,-1
8534,3,2,1,1
8535,3,1,2,2
8536,4,2,2,2
8537,6,2,4,4
8538,6,3,3,3
8539,2,3,1,-1
8540,10,8,2,2
8541,5,3,2,2
8542,5,6,1,-1
8543,4,1,3,3
8544,5,6,1,-1
8545,2,8,6,-6
8546,2,3,1,-1
8547,7,5,2,2
8548,7,10,3,-3
8549,9,5,4,4
8550,0,1,1,-1
8551,4,5,1,-1
8552,11,1,10,10
8553,4,3,1,1
8554,5,9,4,-4
8555,5,4,1,1
8556,6,4,2,2
8557,5,8,3,-3
8558,6,2,4,4
8559,7,0,7,7
8560,6,3,3,3
8561,2,3,1,-1
8562,3,8,5,-5
8563,5,10,5,-5
8564,0,4,4,-4
8565,0,5,5,-5
8566,6,2,4,4
8567,4,2,2,2
8568,12,5,7,7
8569,4,5,1,-1
8570,10,2,8,8
8571,1,4,3,-3
8572,5,8,3,-3
8573,7,9,2,-2
8574,9,4,5,5
8575,3,4,1,-1
8576,4,5,1,-1
8577,0,3,3,-3
8578,9,5,4,4
8579,6,0,6,6
8580,1,11,10,-10
8581,1,4,3,-3
8582,4,13,9,-9
8583,6,7,1,-1
8584,13,4,9,9
8585,2,4,2,-2
8586,4,5,1,-1
8587,4,5,1,-1
8588,0,3,3,-3
8589,6,9,3,-3
8590,10,4,6,6
8591,2,1,1,1
8592,1,3,2,-2
8593,4,5,1,-1
8594,5,11,6,-6
8595,1,6,5,-5
8596,3,4,1,-1
8597,3,1,2,2
8598,2,1,1,1
8599,3,7,4,-4
8600,4,1,3,3
8601,2,3,1,-1
8602,7,11,4,-4
8603,8,5,3,3
8604,8,2,6,6
8605,4,2,2,2
8606,5,1,4,4
8607,4,11,7,-7
8608,4,7,3,-3
8609,6,1,5,5
8610,7,1,6,6
8611,3,4,1,-1
8612,2,3,1,-1
8613,2,1,1,1
8614,4,2,2,2
8615,4,3,1,1
8616,8,4,4,4
8617,0,3,3,-3
8618,11,4,7,7
8619,3,1,2,2
8620,11,8,3,3
8621,1,4,3,-3
8622,6,1,5,5
8623,2,7,5,-5
8624,6,4,2,2
8625,0,2,2,-2
8626,2,4,2,-2
8627,2,1,1,1
8628,1,2,1,-1
8629,10,6,4,4
8630,5,9,4,-4
8631,1,6,5,-5
8632,5,4,1,1
8633,5,8,3,-3
8634,1,8,7,-7
8635,11,4,7,7
8636,3,4,1,-1
8637,7,5,2,2
8638,13,2,11,11
8639,2,6,4,-4
8640,6,2,4,4
8641,5,1,4,4
8642,0,5,5,-5
8643,5,4,1,1
8644,7,2,5,5
8645,4,5,1,-1
8646,1,3,2,-2
8647,2,4,2,-2
8648,6,3,3,3
8649,4,8,4,-4
8650,8,7,1,1
8651,3,4,1,-1
8652,3,5,2,-2
8653,5,6,1,-1
8654,0,3,3,-3
8655,1,6,5,-5
8656,1,3,2,-2
8657,4,2,2,2
8658,5,8,3,-3
8659,0,3,3,-3
8660,2,7,5,-5
8661,0,2,2,-2
8662,4,2,2,2
8663,3,8,5,-5
8664,2,1,1,1
8665,1,2,1,-1
8666,4,2,2,2
8667,3,2,1,1
8668,3,0,3,3
8669,3,8,5,-5
8670,2,3,1,-1
8671,10,1,9,9
8672,7,3,4,4
8673,3,5,2,-2
8674,7,1,6,6
8675,4,1,3,3
8676,0,3,3,-3
8677,0,6,6,-6
8678,3,4,1,-1
8679,4,5,1,-1
8680,2,5,3,-3
8681,4,6,2,-2
8682,0,1,1,-1
8683,1,2,1,-1
8684,5,4,1,1
8685,1,2,1,-1
8686,2,4,2,-2
8687,9,0,9,9
8688,4,7,3,-3
8689,4,6,2,-2
8690,0,5,5,-5
8691,10,4,6,6
8692,2,3,1,-1
8693,3,4,1,-1
8694,0,5,5,-5
8695,5,1,4,4
8696,8,4,4,4
8697,10,6,4,4
8698,3,1,2,2
8699,5,2,3,3
8700,3,4,1,-1
8701,4,2,2,2
8702,1,10,9,-9
8703,1,4,3,-3
8704,2,4,2,-2
8705,6,4,2,2
8706,10,7,3,3
8707,0,1,1,-1
8708,2,3,1,-1
8709,3,1,2,2
8710,8,5,3,3
8711,3,5,2,-2
8712,3,1,2,2
8713,0,2,2,-2
8714,13,8,5,5
8715,0,2,2,-2
8716,6,9,3,-3
8717,3,2,1,1
8718,0,2,2,-2
8719,5,2,3,3
8720,6,10,4,-4
8721,4,2,2,2
8722,5,6,1,-1
8723,2,3,1,-1
8724,7,4,3,3
8725,4,3,1,1
8726,4,5,1,-1
8727,3,9,6,-6
8728,0,6,6,-6
8729,4,5,1,-1
8730,3,4,1,-1
8731,5,3,2,2
8732,3,1,2,2
8733,6,0,6,6
8734,7,8,1,-1
8735,1,3,2,-2
8736,12,5,7,7
8737,4,1,3,3
8738,7,1,6,6
8739,4,2,2,2
8740,4,3,1,1
8741,3,2,1,1
8742,3,4,1,-1
8743,0,1,1,-1
8744,0,5,5,-5
8745,3,1,2,2
8746,2,3,1,-1
8747,9,2,7,7
8748,4,3,1,1
8749,3,0,3,3
8750,7,3,4,4
8751,4,3,1,1
8752,9,2,7,7
8753,1,2,1,-1
8754,0,3,3,-3
8755,14,5,9,9
8756,4,2,2,2
8757,3,1,2,2
8758,5,3,2,2
8759,2,1,1,1
8760,11,0,11,11
8761,6,5,1,1
8762,10,3,7,7
8763,2,6,4,-4
8764,6,2,4,4
8765,4,5,1,-1
8766,2,3,1,-1
8767,3,4,1,-1
8768,5,4,1,1
8769,10,9,1,1
8770,4,10,6,-6
8771,9,3,6,6
8772,4,2,2,2
8773,6,2,4,4
8774,1,4,3,-3
8775,5,3,2,2
8776,1,4,3,-3
8777,5,1,4,4
8778,0,1,1,-1
8779,5,1,4,4
8780,6,2,4,4
8781,4,3,1,1
8782,3,4,1,-1
8783,10,1,9,9
8784,1,3,2,-2
8785,8,3,5,5
8786,7,6,1,1
8787,1,2,1,-1
8788,1,3,2,-2
8789,8,2,6,6
8790,8,3,5,5
8791,3,11,8,-8
8792,4,2,2,2
8793,4,7,3,-3
8794,1,7,6,-6
8795,8,3,5,5
8796,2,8,6,-6
8797,2,0,2,2
8798,0,4,4,-4
8799,1,3,2,-2
8800,5,3,2,2
8801,5,2,3,3
8802,10,8,2,2
8803,4,7,3,-3
8804,1,3,2,-2
8805,7,9,2,-2
8806,0,6,6,-6
8807,5,1,4,4
8808,8,11,3,-3
8809,1,2,1,-1
8810,10,6,4,4
8811,4,6,2,-2
8812,3,2,1,1
8813,6,12,6,-6
8814,0,10,10,-10
8815,1,4,3,-3
8816,3,8,5,-5
8817,1,2,1,-1
8818,0,2,2,-2
8819,3,2,1,1
8820,11,0,11,11
8821,1,2,1,-1
8822,7,3,4,4
8823,1,0,1,1
8824,0,1,1,-1
8825,0,10,10,-10
8826,1,0,1,1
8827,1,3,2,-2
8828,4,0,4,4
8829,8,6,2,2
8830,12,3,9,9
8831,0,2,2,-2
8832,7,5,2,2
8833,1,4,3,-3
8834,7,4,3,3
8835,1,0,1,1
8836,1,4,3,-3
8837,5,0,5,5
8838,4,2,2,2
8839,0,6,6,-6
8840,4,12,8,-8
8841,5,6,1,-1
8842,6,10,4,-4
8843,4,6,2,-2
8844,1,2,1,-1
8845,1,0,1,1
8846,2,5,3,-3
8847,5,6,1,-1
8848,0,1,1,-1
8849,2,3,1,-1
8850,2,1,1,1
8851,1,14,13,-13
8852,2,1,1,1
8853,2,3,1,-1
8854,4,9,5,-5
8855,3,4,1,-1
8856,8,9,1,-1
8857,5,0,5,5
8858,6,5,1,1
8859,2,9,7,-7
8860,1,2,1,-1
8861,3,4,1,-1
8862,2,8,6,-6
8863,4,7,3,-3
8864,1,5,4,-4
8865,7,2,5,5
8866,5,0,5,5
8867,2,5,3,-3
8868,11,14,3,-3
8869,3,11,8,-8
8870,6,5,1,1
8871,3,2,1,1
8872,2,3,1,-1
8873,4,2,2,2
8874,3,7,4,-4
8875,1,2,1,-1
8876,0,6,6,-6
8877,2,4,2,-2
8878,11,0,11,11
8879,4,5,1,-1
8880,5,6,1,-1
8881,1,11,10,-10
8882,4,3,1,1
8883,5,2,3,3
8884,7,0,7,7
8885,1,2,1,-1
8886,0,9,9,-9
8887,1,6,5,-5
8888,3,0,3,3
8889,2,3,1,-1
8890,9,2,7,7
8891,4,5,1,-1
8892,4,1,3,3
8893,2,8,6,-6
8894,3,6,3,-3
8895,7,8,1,-1
8896,1,6,5,-5
8897,7,2,5,5
8898,1,7,6,-6
8899,2,11,9,-9
8900,6,4,2,2
8901,0,3,3,-3
8902,2,1,1,1
8903,13,0,13,13
8904,5,7,2,-2
8905,8,11,3,-3
8906,7,6,1,1
8907,1,2,1,-1
8908,3,4,1,-1
8909,8,3,5,5
8910,4,1,3,3
8911,6,2,4,4
8912,13,3,10,10
8913,0,10,10,-10
8914,4,1,3,3
8915,2,4,2,-2
8916,6,4,2,2
8917,4,2,2,2
8918,2,7,5,-5
8919,3,7,4,-4
8920,8,4,4,4
8921,2,5,3,-3
8922,0,3,3,-3
8923,4,6,2,-2
8924,2,4,2,-2
8925,1,2,1,-1
8926,3,0,3,3
8927,3,8,5,-5
8928,4,3,1,1
8929,3,0,3,3
8930,4,3,1,1
8931,5,4,1,1
8932,2,5,3,-3
8933,3,0,3,3
8934,6,5,1,1
8935,3,2,1,1
8936,0,4,4,-4
8937,2,3,1,-1
8938,2,3,1,-1
8939,4,0,4,4
8940,3,4,1,-1
8941,1,0,1,1
8942,15,2,13,13
8943,2,0,2,2
8944,5,8,3,-3
8945,6,2,4,4
8946,4,1,3,3
8947,1,5,4,-4
8948,3,6,3,-3
8949,5,2,3,3
8950,1,8,7,-7
8951,4,2,2,2
8952,0,2,2,-2
8953,0,13,13,-13
8954,3,1,2,2
8955,2,4,2,-2
8956,3,2,1,1
8957,3,2,1,1
8958,8,3,5,5
8959,2,3,1,-1
8960,5,1,4,4
8961,15,10,5,5
8962,7,0,7,7
8963,7,2,5,5
8964,1,6,5,-5
8965,1,3,2,-2
8966,2,3,1,-1
8967,8,9,1,-1
8968,3,4,1,-1
8969,4,1,3,3
8970,3,1,2,2
8971,1,5,4,-4
8972,2,1,1,1
8973,10,3,7,7
8974,5,6,1,-1
8975,6,5,1,1
8976,7,5,2,2
8977,2,5,3,-3
8978,7,9,2,-2
8979,8,9,1,-1
8980,5,6,1,-1
8981,0,5,5,-5
8982,5,2,3,3
8983,2,4,2,-2
8984,10,3,7,7
8985,6,1,5,5
8986,13,4,9,9
8987,6,3,3,3
8988,10,3,7,7
8989,1,5,4,-4
8990,1,2,1,-1
8991,1,12,11,-11
8992,4,5,1,-1
8993,1,4,3,-3
8994,5,1,4,4
8995,7,5,2,2
8996,3,2,1,1
8997,5,2,3,3
8998,9,5,4,4
8999,6,9,3,-3
9000,3,4,1,-1
9001,10,5,5,5
9002,14,6,8,8
9003,4,5,1,-1
9004,0,5,5,-5
9005,2,7,5,-5
9006,1,10,9,-9
9007,6,7,1,-1
9008,5,2,3,3
9009,3,0,3,3
9010,2,9,7,-7
9011,4,5,1,-1
9012,7,2,5,5
9013,5,4,1,1
9014,5,3,2,2
9015,9,3,6,6
9016,10,0,10,10
9017,4,5,1,-1
9018,4,1,3,3
9019,1,0,1,1
9020,3,1,2,2
9021,4,6,2,-2
9022,0,5,5,-5
9023,2,3,1,-1
9024,6,5,1,1
9025,5,8,3,-3
9026,5,2,3,3
9027,5,6,1,-1
9028,6,1,5,5
9029,3,4,1,-1
9030,4,5,1,-1
9031,0,2,2,-2
9032,6,4,2,2
9033,9,5,4,4
9034,4,9,5,-5
9035,2,3,1,-1
9036,2,3,1,-1
9037,2,8,6,-6
9038,10,2,8,8
9039,4,8,4,-4
9040,0,6,6,-6
9041,2,6,4,-4
9042,2,1,1,1
9043,2,6,4,-4
9044,0,3,3,-3
9045,1,2,1,-1
9046,5,1,4,4
9047,6,7,1,-1
9048,5,1,4,4
9049,2,0,2,2
9050,2,14,12,-12
9051,2,4,2,-2
9052,3,4,1,-1
9053,1,0,1,1
9054,5,2,3,3
9055,7,14,7,-7
9056,5,4,1,1
9057,5,4,1,1
9058,5,1,4,4
9059,4,2,2,2
9060,3,4,1,-1
9061,1,3,2,-2
9062,6,4,2,2
9063,7,5,2,2
9064,2,4,2,-2
9065,3,4,1,-1
9066,2,4,2,-2
9067,6,4,2,2
9068,5,2,3,3
9069,9,8,1,1
9070,3,11,8,-8
9071,2,1,1,1
9072,4,5,1,-1
9073,4,5,1,-1
9074,3,4,1,-1
9075,4,5,1,-1
9076,3,6,3,-3
9077,5,0,5,5
9078,2,4,2,-2
9079,4,5,1,-1
9080,5,1,4,4
9081,5,6,1,-1
9082,1,4,3,-3
9083,3,4,1,-1
9084,8,4,4,4
9085,0,5,5,-5
9086,1,7,6,-6
9087,1,2,1,-1
9088,2,1,1,1
9089,4,1,3,3
9090,5,6,1,-1
9091,4,3,1,1
9092,8,2,6,6
9093,6,3,3,3
9094,10,3,7,7
9095,2,1,1,1
9096,3,0,3,3
9097,5,2,3,3
9098,2,3,1,-1
9099,4,5,1,-1
9100,3,1,2,2
9101,2,3,1,-1
9102,0,7,7,-7
9103,14,10,4,4
9104,6,7,1,-1
9105,4,0,4,4
9106,2,6,4,-4
9107,5,2,3,3
9108,5,6,1,-1
9109,4,8,4,-4
9110,1,6,5,-5
9111,5,6,1,-1
9112,8,5,3,3
9113,7,1,6,6
9114,6,2,4,4
9115,3,15,12,-12
9116,8,7,1,1
9117,4,0,4,4
9118,6,4,2,2
9119,0,2,2,-2
9120,5,0,5,5
9121,15,5,10,10
9122,2,8,6,-6
9123,7,5,2,2
9124,2,7,5,-5
9125,9,6,3,3
9126,3,6,3,-3
9127,5,2,3,3
9128,3,7,4,-4
9129,1,2,1,-1
9130,4,3,1,1
9131,1,2,1,-1
9132,6,1,5,5
9133,5,6,1,-1
9134,9,1,8,8
9135,2,3,1,-1
9136,4,2,2,2
9137,3,4,1,-1
9138,5,2,3,3
9139,4,3,1,1
9140,6,1,5,5
9141,1,2,1,-1
9142,5,16,11,-11
9143,1,11,10,-10
9144,3,5,2,-2
9145,2,6,4,-4
9146,8,5,3,3
9147,4,5,1,-1
9148,3,1,2,2
9149,7,0,7,7
9150,4,1,3,3
9151,7,4,3,3
9152,6,3,3,3
9153,2,0,2,2
9154,4,8,4,-4
9155,2,3,1,-1
9156,7,4,3,3
9157,2,4,2,-2
9158,4,2,2,2
9159,5,2,3,3
9160,6,4,2,2
9161,3,6,3,-3
9162,3,5,2,-2
9163,5,3,2,2
9164,8,1,7,7
9165,2,3,1,-1
9166,3,1,2,2
9167,2,4,2,-2
9168,1,7,6,-6
9169,5,2,3,3
9170,2,4,2,-2
9171,5,3,2,2
9172,4,5,1,-1
9173,11,6,5,5
9174,7,10,3,-3
9175,4,1,3,3
9176,8,6,2,2
9177,4,1,3,3
9178,3,4,1,-1
9179,1,2,1,-1
9180,12,1,11,11
9181,7,6,1,1
9182,4,3,1,1
9183,3,5,2,-2
9184,5,4,1,1
9185,1,2,1,-1
9186,6,0,6,6
9187,4,5,1,-1
9188,10,5,5,5
9189,2,6,4,-4
9190,7,9,2,-2
9191,11,5,6,6
9192,5,1,4,4
9193,4,12,8,-8
9194,11,10,1,1
9195,2,0,2,2
9196,2,7,5,-5
9197,6,4,2,2
9198,0,2,2,-2
9199,3,2,1,1
9200,6,1,5,5
9201,3,4,1,-1
9202,6,8,2,-2
9203,3,1,2,2
9204,1,3,2,-2
9205,2,1,1,1
9206,2,3,1,-1
9207,2,7,5,-5
9208,5,8,3,-3
9209,7,2,5,5
9210,5,1,4,4
9211,2,4,2,-2
9212,3,6,3,-3
9213,4,2,2,2
9214,0,3,3,-3
9215,3,0,3,3
9216,12,7,5,5
9217,3,2,1,1
9218,3,6,3,-3
9219,2,6,4,-4
9220,3,10,7,-7
9221,2,5,3,-3
9222,1,3,2,-2
9223,2,1,1,1
9224,4,6,2,-2
9225,7,1,6,6
9226,3,2,1,1
9227,3,1,2,2
9228,8,1,7,7
9229,4,3,1,1
9230,11,3,8,8
9231,5,9,4,-4
9232,2,3,1,-1
9233,0,4,4,-4
9234,5,2,3,3
9235,10,8,2,2
9236,8,6,2,2
9237,1,11,10,-10
9238,8,3,5,5
9239,2,5,3,-3
9240,1,6,5,-5
9241,1,6,5,-5
9242,2,6,4,-4
9243,2,1,1,1
9244,6,8,2,-2
9245,2,13,11,-11
9246,3,4,1,-1
9247,6,3,3,3
9248,6,1,5,5
9249,4,3,1,1
9250,6,5,1,1
9251,7,1,6,6
9252,9,10,1,-1
9253,0,2,2,-2
9254,5,3,2,2
9255,3,2,1,1
9256,0,5,5,-5
9257,7,6,1,1
9258,1,6,5,-5
9259,1,2,1,-1
9260,3,4,1,-1
9261,1,6,5,-5
9262,14,4,10,10
9263,8,1,7,7
9264,12,4,8,8
9265,1,4,3,-3
9266,2,7,5,-5
9267,5,1,4,4
9268,2,3,1,-1
9269,4,5,1,-1
9270,0,4,4,-4
9271,6,2,4,4
9272,1,7,6,-6
9273,10,0,10,10
9274,3,4,1,-1
9275,3,2,1,1
9276,6,7,1,-1
9277,3,2,1,1
9278,3,1,2,2
9279,2,0,2,2
9280,1,3,2,-2
9281,3,11,8,-8
9282,4,0,4,4
9283,0,9,9,-9
9284,3,4,1,-1
9285,2,7,5,-5
9286,7,1,6,6
9287,5,8,3,-3
9288,3,4,1,-1
9289,3,2,1,1
9290,2,3,1,-1
9291,1,0,1,1
9292,1,2,1,-1
9293,6,5,1,1
9294,6,9,3,-3
9295,2,9,7,-7
9296,5,0,5,5
9297,0,5,5,-5
9298,3,2,1,1
9299,2,7,5,-5
9300,5,10,5,-5
9301,3,1,2,2
9302,0,2,2,-2
9303,1,2,1,-1
9304,1,2,1,-1
9305,2,4,2,-2
9306,3,4,1,-1
9307,4,5,1,-1
9308,3,4,1,-1
9309,8,3,5,5
9310,1,2,1,-1
9311,6,5,1,1
9312,1,7,6,-6
9313,11,3,8,8
9314,6,7,1,-1
9315,4,0,4,4
9316,0,2,2,-2
9317,7,3,4,4
9318,1,5,4,-4
9319,4,2,2,2
9320,5,0,5,5
9321,8,2,6,6
9322,7,0,7,7
9323,1,7,6,-6
9324,4,7,3,-3
9325,1,2,1,-1
9326,5,3,2,2
9327,7,2,5,5
9328,5,6,1,-1
9329,2,11,9,-9
9330,3,0,3,3
9331,7,2,5,5
9332,10,6,4,4
9333,1,3,2,-2
9334,1,9,8,-8
9335,2,4,2,-2
9336,4,1,3,3
9337,5,13,8,-8
9338,4,3,1,1
9339,2,7,5,-5
9340,10,8,2,2
9341,5,2,3,3
9342,2,3,1,-1
9343,1,4,3,-3
9344,7,1,6,6
9345,1,2,1,-1
9346,3,4,1,-1
9347,9,6,3,3
9348,3,4,1,-1
9349,4,6,2,-2
9350,5,1,4,4
9351,10,4,6,6
9352,1,3,2,-2
9353,6,2,4,4
9354,0,1,1,-1
9355,7,4,3,3
9356,4,3,1,1
9357,9,6,3,3
9358,2,3,1,-1
9359,3,1,2,2
9360,4,20,16,-16
9361,4,6,2,-2
9362,5,6,1,-1
9363,6,4,2,2
9364,5,6,1,-1
9365,4,11,7,-7
9366,3,4,1,-1
9367,5,2,3,3
9368,7,9,2,-2
9369,5,4,1,1
9370,5,7,2,-2
9371,3,9,6,-6
9372,3,2,1,1
9373,13,5,8,8
9374,2,6,4,-4
9375,1,3,2,-2
9376,6,7,1,-1
9377,9,8,1,1
9378,3,2,1,1
9379,2,6,4,-4
9380,4,2,2,2
9381,5,6,1,-1
9382,0,4,4,-4
9383,1,8,7,-7
9384,16,2,14,14
9385,6,5,1,1
9386,12,8,4,4
9387,5,7,2,-2
9388,4,6,2,-2
9389,5,8,3,-3
9390,2,3,1,-1
9391,0,7,7,-7
9392,1,2,1,-1
9393,3,4,1,-1
9394,0,3,3,-3
9395,8,12,4,-4
9396,3,8,5,-5
9397,3,4,1,-1
9398,4,9,5,-5
9399,3,4,1,-1
9400,11,2,9,9
9401,13,9,4,4
9402,1,2,1,-1
9403,2,6,4,-4
9404,5,3,2,2
9405,3,4,1,-1
9406,9,2,7,7
9407,5,6,1,-1
9408,1,2,1,-1
9409,2,1,1,1
9410,0,5,5,-5
9411,4,3,1,1
9412,4,2,2,2
9413,2,1,1,1
9414,2,5,3,-3
9415,2,0,2,2
9416,3,4,1,-1
9417,2,7,5,-5
9418,4,1,3,3
9419,3,1,2,2
9420,2,3,1,-1
9421,6,4,2,2
9422,2,3,1,-1
9423,2,5,3,-3
9424,2,3,1,-1
9425,2,9,7,-7
9426,2,4,2,-2
9427,1,5,4,-4
9428,3,4,1,-1
9429,3,6,3,-3
9430,6,4,2,2
9431,1,0,1,1
9432,2,0,2,2
9433,1,8,7,-7
9434,5,2,3,3
9435,9,0,9,9
9436,2,3,1,-1
9437,7,5,2,2
9438,9,1,8,8
9439,6,3,3,3
9440,3,4,1,-1
9441,13,2,11,11
9442,2,0,2,2
9443,5,4,1,1
9444,12,6,6,6
9445,9,1,8,8
9446,3,5,2,-2
9447,4,3,1,1
9448,6,3,3,3
9449,8,2,6,6
9450,9,8,1,1
9451,2,4,2,-2
9452,5,4,1,1
9453,1,0,1,1
9454,6,2,4,4
9455,18,3,15,15
9456,6,1,5,5
9457,7,3,4,4
9458,7,5,2,2
9459,5,4,1,1
9460,0,6,6,-6
9461,4,1,3,3
9462,2,5,3,-3
9463,3,0,3,3
9464,2,4,2,-2
9465,3,4,1,-1
9466,1,5,4,-4
9467,6,5,1,1
9468,14,3,11,11
9469,8,2,6,6
9470,3,4,1,-1
9471,4,3,1,1
9472,2,3,1,-1
9473,6,1,5,5
9474,7,2,5,5
9475,5,10,5,-5
9476,1,3,2,-2
9477,5,3,2,2
9478,4,8,4,-4
9479,3,1,2,2
9480,3,6,3,-3
9481,7,9,2,-2
9482,3,0,3,3
9483,9,8,1,1
9484,5,3,2,2
9485,7,5,2,2
9486,4,3,1,1
9487,4,2,2,2
9488,1,5,4,-4
9489,3,4,1,-1
9490,5,4,1,1
9491,1,2,1,-1
9492,1,6,5,-5
9493,1,5,4,-4
9494,8,1,7,7
9495,1,0,1,1
9496,6,2,4,4
9497,7,0,7,7
9498,1,0,1,1
9499,3,4,1,-1
9500,2,9,7,-7
9501,1,2,1,-1
9502,19,3,16,16
9503,7,3,4,4
9504,3,0,3,3
9505,1,3,2,-2
9506,1,2,1,-1
9507,4,1,3,3
9508,5,4,1,1
9509,2,9,7,-7
9510,7,1,6,6
9511,2,3,1,-1
9512,2,1,1,1
9513,4,6,2,-2
9514,5,1,4,4
9515,3,1,2,2
9516,2,8,6,-6
9517,4,0,4,4
9518,4,3,1,1
9519,5,6,1,-1
9520,0,1,1,-1
9521,2,3,1,-1
9522,2,12,10,-10
9523,2,11,9,-9
9524,1,12,11,-11
9525,2,4,2,-2
9526,6,1,5,5
9527,1,7,6,-6
9528,12,1,11,11
9529,2,6,4,-4
9530,1,2,1,-1
9531,2,6,4,-4
9532,1,6,5,-5
9533,2,12,10,-10
9534,2,0,2,2
9535,3,2,1,1
9536,3,4,1,-1
9537,2,6,4,-4
9538,10,0,10,10
9539,5,3,2,2
9540,1,2,1,-1
9541,7,1,6,6
9542,0,2,2,-2
9543,9,3,6,6
9544,11,4,7,7
9545,3,4,1,-1
9546,8,5,3,3
9547,4,6,2,-2
9548,5,2,3,3
9549,5,6,1,-1
9550,0,4,4,-4
9551,5,3,2,2
9552,4,3,1,1
9553,8,0,8,8
9554,6,5,1,1
9555,2,7,5,-5
9556,5,4,1,1
9557,3,4,1,-1
9558,4,3,1,1
9559,4,9,5,-5
9560,4,3,1,1
9561,0,7,7,-7
9562,4,5,1,-1
9563,4,3,1,1
9564,3,2,1,1
9565,5,2,3,3
9566,1,3,2,-2
9567,1,2,1,-1
9568,4,5,1,-1
9569,6,8,2,-2
9570,8,2,6,6
9571,2,6,4,-4
9572,7,6,1,1
9573,6,7,1,-1
9574,5,1,4,4
9575,2,1,1,1
9576,1,10,9,-9
9577,2,3,1,-1
9578,2,3,1,-1
9579,3,6,3,-3
9580,1,2,1,-1
9581,5,12,7,-7
9582,1,2,1,-1
9583,1,5,4,-4
9584,0,11,11,-11
9585,4,5,1,-1
9586,9,5,4,4
9587,4,9,5,-5
9588,7,6,1,1
9589,6,4,2,2
9590,6,5,1,1
9591,0,2,2,-2
9592,0,8,8,-8
9593,5,6,1,-1
9594,4,2,2,2
9595,1,4,3,-3
9596,6,7,1,-1
9597,3,1,2,2
9598,0,6,6,-6
9599,1,9,8,-8
9600,1,5,4,-4
9601,1,3,2,-2
9602,7,2,5,5
9603,7,2,5,5
9604,5,4,1,1
9605,2,4,2,-2
9606,4,0,4,4
9607,3,2,1,1
9608,2,5,3,-3
9609,2,9,7,-7
9610,6,3,3,3
9611,0,4,4,-4
9612,2,1,1,1
9613,7,11,4,-4
9614,1,3,2,-2
9615,5,2,3,3
9616,13,9,4,4
9617,4,6,2,-2
9618,4,3,1,1
9619,11,3,8,8
9620,1,0,1,1
9621,4,2,2,2
9622,4,5,1,-1
9623,10,5,5,5
9624,2,3,1,-1
9625,3,4,1,-1
9626,6,5,1,1
9627,4,5,1,-1
9628,0,12,12,-12
9629,5,0,5,5
9630,2,1,1,1
9631,2,3,1,-1
9632,0,4,4,-4
9633,1,4,3,-3
9634,3,4,1,-1
9635,0,3,3,-3
9636,3,2,1,1
9637,4,5,1,-1
9638,4,2,2,2
9639,7,0,7,7
9640,0,4,4,-4
9641,2,3,1,-1
9642,2,3,1,-1
9643,8,2,6,6
9644,4,2,2,2
9645,3,8,5,-5
9646,2,1,1,1
9647,2,1,1,1
9648,2,1,1,1
9649,0,2,2,-2
9650,1,3,2,-2
9651,5,9,4,-4
9652,2,7,5,-5
9653,1,0,1,1
9654,8,3,5,5
9655,0,6,6,-6
9656,3,7,4,-4
9657,4,0,4,4
9658,2,4,2,-2
9659,1,0,1,1
9660,15,5,10,10
9661,2,3,1,-1
9662,2,12,10,-10
9663,4,6,2,-2
9664,1,4,3,-3
9665,2,3,1,-1
9666,3,2,1,1
9667,6,5,1,1
9668,4,0,4,4
9669,5,6,1,-1
9670,1,7,6,-6
9671,4,2,2,2
9672,2,3,1,-1
9673,2,3,1,-1
9674,12,3,9,9
9675,6,1,5,5
9676,3,2,1,1
9677,12,6,6,6
9678,8,2,6,6
9679,3,5,2,-2
9680,3,6,3,-3
9681,8,4,4,4
9682,0,1,1,-1
9683,4,1,3,3
9684,0,11,11,-11
9685,2,3,1,-1
9686,4,2,2,2
9687,3,7,4,-4
9688,0,7,7,-7
9689,5,6,1,-1
9690,5,6,1,-1
9691,2,1,1,1
9692,5,1,4,4
9693,5,7,2,-2
9694,4,7,3,-3
9695,2,7,5,-5
9696,2,0,2,2
9697,5,4,1,1
9698,8,3,5,5
9699,1,0,1,1
9700,1,2,1,-1
9701,4,2,2,2
9702,9,3,6,6
9703,2,6,4,-4
9704,6,7,1,-1
9705,4,1,3,3
9706,5,1,4,4
9707,5,1,4,4
9708,9,0,9,9
9709,2,6,4,-4
9710,7,6,1,1
9711,2,3,1,-1
9712,5,12,7,-7
9713,4,2,2,2
9714,2,1,1,1
9715,0,1,1,-1
9716,2,3,1,-1
9717,6,7,1,-1
9718,0,4,4,-4
9719,5,2,3,3
9720,3,1,2,2
9721,7,5,2,2
9722,1,3,2,-2
9723,10,3,7,7
9724,1,2,1,-1
9725,3,5,2,-2
9726,3,4,1,-1
9727,2,0,2,2
9728,2,9,7,-7
9729,14,10,4,4
9730,9,8,1,1
9731,1,0,1,1
9732,1,10,9,-9
9733,0,2,2,-2
9734,9,7,2,2
9735,0,1,1,-1
9736,8,3,5,5
9737,2,6,4,-4
9738,4,2,2,2
9739,2,3,1,-1
9740,4,5,1,-1
9741,3,4,1,-1
9742,5,2,3,3
9743,3,2,1,1
9744,8,2,6,6
9745,6,2,4,4
9746,6,7,1,-1
9747,1,2,1,-1
9748,1,3,2,-2
9749,1,6,5,-5
9750,6,4,2,2
9751,3,0,3,3
9752,3,4,1,-1
9753,2,0,2,2
9754,0,1,1,-1
9755,6,5,1,1
9756,1,0,1,1
9757,5,1,4,4
9758,3,4,1,-1
9759,5,1,4,4
9760,4,3,1,1
9761,10,9,1,1
9762,4,2,2,2
9763,2,3,1,-1
9764,2,7,5,-5
9765,8,5,3,3
9766,7,6,1,1
9767,5,8,3,-3
9768,8,2,6,6
9769,3,2,1,1
9770,6,2,4,4
9771,2,7,5,-5
9772,4,10,6,-6
9773,11,1,10,10
9774,5,7,2,-2
9775,1,8,7,-7
9776,7,3,4,4
9777,7,2,5,5
9778,2,12,10,-10
9779,8,4,4,4
9780,2,8,6,-6
9781,3,4,1,-1
9782,2,12,10,-10
9783,2,1,1,1
9784,7,6,1,1
9785,7,3,4,4
9786,6,7,1,-1
9787,5,1,4,4
9788,3,4,1,-1
9789,3,1,2,2
9790,4,5,1,-1
9791,0,4,4,-4
9792,2,0,2,2
9793,4,9,5,-5
9794,7,2,5,5
9795,0,5,5,-5
9796,3,6,3,-3
9797,6,1,5,5
9798,6,2,4,4
9799,4,0,4,4
9800,10,7,3,3
9801,3,1,2,2
9802,4,7,3,-3
9803,5,1,4,4
9804,3,6,3,-3
9805,3,0,3,3
9806,6,4,2,2
9807,3,8,5,-5
9808,5,3,2,2
9809,2,6,4,-4
9810,4,2,2,2
9811,2,1,1,1
9812,1,2,1,-1
9813,1,2,1,-1
9814,1,5,4,-4
9815,9,1,8,8
9816,2,4,2,-2
9817,8,3,5,5
9818,2,4,2,-2
9819,1,8,7,-7
9820,3,5,2,-2
9821,10,7,3,3
9822,6,8,2,-2
9823,1,0,1,1
9824,14,5,9,9
9825,3,5,2,-2
9826,2,5,3,-3
9827,4,0,4,4
9828,7,6,1,1
9829,15,3,12,12
9830,2,3,1,-1
9831,10,4,6,6
9832,3,7,4,-4
9833,5,7,2,-2
9834,0,5,5,-5
9835,2,4,2,-2
9836,0,2,2,-2
9837,2,1,1,1
9838,3,7,4,-4
9839,7,4,3,3
9840,5,4,1,1
9841,2,0,2,2
9842,3,7,4,-4
9843,3,4,1,-1
9844,5,7,2,-2
9845,4,10,6,-6
9846,7,6,1,1
9847,9,4,5,5
9848,7,3,4,4
9849,4,0,4,4
9850,7,10,3,-3
9851,3,7,4,-4
9852,6,1,5,5
9853,1,4,3,-3
9854,6,4,2,2
9855,6,4,2,2
9856,5,4,1,1
9857,6,2,4,4
9858,6,5,1,1
9859,1,7,6,-6
9860,4,5,1,-1
9861,2,0,2,2
9862,6,9,3,-3
9863,1,10,9,-9
9864,4,2,2,2
9865,4,6,2,-2
9866,0,1,1,-1
9867,6,0,6,6
9868,6,7,1,-1
9869,2,1,1,1
9870,2,4,2,-2
9871,3,6,3,-3
9872,0,6,6,-6
9873,5,6,1,-1
9874,6,3,3,3
9875,7,6,1,1
9876,1,2,1,-1
9877,12,6,6,6
9878,1,7,6,-6
9879,4,7,3,-3
9880,3,1,2,2
9881,6,5,1,1
9882,8,5,3,3
9883,3,6,3,-3
9884,1,0,1,1
9885,2,3,1,-1
9886,4,5,1,-1
9887,6,2,4,4
9888,1,0,1,1
9889,4,10,6,-6
9890,2,14,12,-12
9891,11,3,8,8
9892,3,4,1,-1
9893,3,4,1,-1
9894,2,3,1,-1
9895,3,0,3,3
9896,0,1,1,-1
9897,8,6,2,2
9898,2,10,8,-8
9899,4,12,8,-8
9900,1,4,3,-3
9901,3,4,1,-1
9902,1,5,4,-4
9903,4,5,1,-1
9904,4,6,2,-2
9905,3,2,1,1
9906,1,7,6,-6
9907,7,1,6,6
9908,7,3,4,4
9909,8,7,1,1
9910,9,2,7,7
9911,4,0,4,4
9912,9,6,3,3
9913,4,5,1,-1
9914,10,9,1,1
9915,1,2,1,-1
9916,4,2,2,2
9917,9,3,6,6
9918,0,5,5,-5
9919,9,0,9,9
9920,5,7,2,-2
9921,2,11,9,-9
9922,6,1,5,5
9923,3,2,1,1
9924,2,3,1,-1
9925,4,5,1,-1
9926,0,3,3,-3
9927,6,4,2,2
9928,3,2,1,1
9929,6,4,2,2
9930,0,3,3,-3
9931,0,2,2,-2
9932,2,3,1,-1
9933,5,2,3,3
9934,0,4,4,-4
9935,6,3,3,3
9936,1,5,4,-4
9937,1,0,1,1
9938,2,4,2,-2
9939,1,2,1,-1
9940,3,1,2,2
9941,5,7,2,-2
9942,5,1,4,4
9943,0,7,7,-7
9944,5,9,4,-4
9945,10,2,8,8
9946,6,8,2,-2
9947,0,1,1,-1
9948,2,11,9,-9
9949,3,1,2,2
9950,2,1,1,1
9951,8,0,8,8
9952,8,4,4,4
9953,3,2,1,1
9954,11,6,5,5
9955,0,5,5,-5
9956,3,11,8,-8
9957,5,11,6,-6
9958,0,12,12,-12
9959,4,1,3,3
9960,1,12,11,-11
9961,4,2,2,2
9962,4,8,4,-4
9963,6,0,6,6
9964,5,3,2,2
9965,1,2,1,-1
9966,1,3,2,-2
9967,2,4,2,-2
9968,5,0,5,5
9969,2,5,3,-3
9970,4,5,1,-1
9971,3,4,1,-1
9972,1,16,15,-15
9973,3,6,3,-3
9974,4,8,4,-4
9975,1,3,2,-2
9976,6,8,2,-2
9977,0,7,7,-7
9978,7,5,2,2
9979,8,7,1,1
9980,1,3,2,-2
9981,4,3,1,1
9982,5,6,1,-1
9983,4,6,2,-2
9984,1,2,1,-1
9985,8,3,5,5
9986,1,4,3,-3
9987,5,1,4,4
9988,16,2,14,14
9989,8,2,6,6
9990,10,9,1,1
9991,1,4,3,-3
9992,2,3,1,-1
9993,3,4,1,-1
9994,3,2,1,1
9995,4,3,1,1
9996,2,3,1,-1
9997,7,6,1,1
9998,3,4,1,-1
9999,3,1,2,2
10000,4,3,1,1
10001,7,2,5,5
10002,2,4,2,-2
10003,1,5,4,-4
10004,2,8,6,-6
10005,7,0,7,7
10006,3,4,1,-1
10007,0,2,2,-2
10008,5,6,1,-1
10009,4,2,2,2
10010,9,3,6,6
10011,8,2,6,6
10012,6,8,2,-2
10013,5,4,1,1
10014,5,2,3,3
10015,3,7,4,-4
10016,3,9,6,-6
10017,1,0,1,1
10018,2,9,7,-7
10019,1,2,1,-1
10020,3,2,1,1
10021,2,1,1,1
10022,3,0,3,3
10023,4,1,3,3
10024,7,2,5,5
10025,1,5,4,-4
10026,3,5,2,-2
10027,6,4,2,2
10028,3,0,3,3
10029,3,5,2,-2
10030,6,4,2,2
10031,10,8,2,2
10032,1,3,2,-2
10033,7,5,2,2
10034,12,10,2,2
10035,2,5,3,-3
10036,2,5,3,-3
10037,2,3,1,-1
10038,5,2,3,3
10039,4,5,1,-1
10040,14,5,9,9
10041,1,5,4,-4
10042,4,7,3,-3
10043,10,1,9,9
10044,9,7,2,2
10045,11,4,7,7
10046,5,2,3,3
10047,7,3,4,4
10048,1,4,3,-3
10049,2,1,1,1
10050,4,3,1,1
10051,5,0,5,5
10052,6,9,3,-3
10053,12,5,7,7
10054,10,6,4,4
10055,13,1,12,12
10056,5,6,1,-1
10057,8,1,7,7
10058,4,5,1,-1
10059,4,5,1,-1
10060,5,4,1,1
10061,2,5,3,-3
10062,3,4,1,-1
10063,1,5,4,-4
10064,0,1,1,-1
10065,1,11,10,-10
10066,2,3,1,-1
10067,4,0,4,4
10068,6,7,1,-1
10069,3,5,2,-2
10070,3,4,1,-1
10071,6,3,3,3
10072,7,6,1,1
10073,6,5,1,1
10074,1,4,3,-3
10075,3,6,3,-3
10076,3,5,2,-2
10077,7,6,1,1
10078,3,5,2,-2
10079,6,1,5,5
10080,0,4,4,-4
10081,9,3,6,6
10082,2,9,7,-7
10083,1,5,4,-4
10084,2,3,1,-1
10085,5,6,1,-1
10086,1,7,6,-6
10087,2,0,2,2
10088,0,1,1,-1
10089,6,1,5,5
10090,4,0,4,4
10091,0,4,4,-4
10092,1,4,3,-3
10093,0,7,7,-7
10094,4,2,2,2
10095,3,6,3,-3
10096,3,7,4,-4
10097,4,0,4,4
10098,8,5,3,3
10099,6,4,2,2
10100,5,3,2,2
10101,4,6,2,-2
10102,4,7,3,-3
10103,4,3,1,1
10104,4,3,1,1
10105,7,10,3,-3
10106,6,3,3,3
10107,9,3,6,6
10108,5,4,1,1
10109,2,3,1,-1
10110,0,9,9,-9
10111,6,1,5,5
10112,0,6,6,-6
10113,5,4,1,1
10114,1,7,6,-6
10115,5,1,4,4
10116,7,0,7,7
10117,2,4,2,-2
10118,6,4,2,2
10119,12,1,11,11
10120,4,5,1,-1
10121,9,4,5,5
10122,3,9,6,-6
10123,2,3,1,-1
10124,3,9,6,-6
10125,1,5,4,-4
10126,5,6,1,-1
10127,2,1,1,1
10128,6,5,1,1
10129,7,3,4,4
10130,9,4,5,5
10131,4,3,1,1
10132,4,2,2,2
10133,3,8,5,-5
10134,4,7,3,-3
10135,4,5,1,-1
10136,5,2,3,3
10137,1,7,6,-6
10138,5,12,7,-7
10139,4,5,1,-1
10140,8,2,6,6
10141,3,0,3,3
10142,10,5,5,5
10143,2,1,1,1
10144,5,6,1,-1
10145,2,0,2,2
10146,3,10,7,-7
10147,3,6,3,-3
10148,5,3,2,2
10149,5,6,1,-1
10150,2,0,2,2
10151,3,5,2,-2
10152,3,6,3,-3
10153,0,2,2,-2
10154,9,8,1,1
10155,9,2,7,7
10156,1,6,5,-5
10157,3,9,6,-6
10158,3,1,2,2
10159,0,3,3,-3
10160,2,6,4,-4
10161,10,11,1,-1
10162,9,7,2,2
10163,2,7,5,-5
10164,6,8,2,-2
10165,4,3,1,1
10166,14,3,11,11
10167,3,2,1,1
10168,4,3,1,1
10169,8,7,1,1
10170,9,4,5,5
10171,2,5,3,-3
10172,5,1,4,4
10173,4,1,3,3
10174,5,4,1,1
10175,3,4,1,-1
10176,5,1,4,4
10177,4,5,1,-1
10178,0,1,1,-1
10179,7,2,5,5
10180,3,4,1,-1
10181,1,4,3,-3
10182,1,0,1,1
10183,0,2,2,-2
10184,4,2,2,2
10185,4,3,1,1
10186,3,1,2,2
10187,2,8,6,-6
10188,3,4,1,-1
10189,3,8,5,-5
10190,3,0,3,3
10191,11,10,1,1
10192,5,6,1,-1
10193,0,4,4,-4
10194,4,3,1,1
10195,3,4,1,-1
10196,2,4,2,-2
10197,4,11,7,-7
10198,8,3,5,5
10199,5,3,2,2
10200,1,2,1,-1
10201,5,1,4,4
10202,1,12,11,-11
10203,0,3,3,-3
10204,7,5,2,2
10205,6,5,1,1
10206,1,2,1,-1
10207,3,1,2,2
10208,8,3,5,5
10209,9,2,7,7
10210,3,4,1,-1
10211,3,8,5,-5
10212,3,4,1,-1
10213,2,3,1,-1
10214,6,4,2,2
10215,0,2,2,-2
10216,4,3,1,1
10217,9,2,7,7
10218,0,10,10,-10
10219,7,1,6,6
10220,0,1,1,-1
10221,3,2,1,1
10222,3,4,1,-1
10223,8,0,8,8
10224,2,3,1,-1
10225,12,5,7,7
10226,4,9,5,-5
10227,6,2,4,4
10228,0,1,1,-1
10229,3,1,2,2
10230,0,5,5,-5
10231,6,12,6,-6
10232,3,1,2,2
10233,3,1,2,2
10234,3,4,1,-1
10235,3,9,6,-6
10236,2,1,1,1
10237,0,8,8,-8
10238,6,1,5,5
10239,6,3,3,3
10240,0,8,8,-8
10241,4,3,1,1
10242,2,3,1,-1
10243,3,4,1,-1
10244,3,1,2,2
10245,5,3,2,2
10246,3,2,1,1
10247,4,6,2,-2
10248,1,10,9,-9
10249,4,5,1,-1
10250,4,3,1,1
10251,3,9,6,-6
10252,3,4,1,-1
10253,1,3,2,-2
10254,1,7,6,-6
10255,8,3,5,5
10256,5,3,2,2
10257,0,2,2,-2
10258,11,2,9,9
10259,2,6,4,-4
10260,4,5,1,-1
10261,5,4,1,1
10262,3,4,1,-1
10263,3,9,6,-6
10264,5,2,3,3
10265,5,1,4,4
10266,4,3,1,1
10267,1,9,8,-8
10268,9,7,2,2
10269,6,5,1,1
10270,5,2,3,3
10271,9,3,6,6
10272,2,5,3,-3
10273,1,4,3,-3
10274,7,4,3,3
10275,5,6,1,-1
10276,4,5,1,-1
10277,6,5,1,1
10278,4,5,1,-1
10279,4,1,3,3
10280,4,0,4,4
10281,9,7,2,2
10282,4,5,1,-1
10283,5,12,7,-7
10284,3,7,4,-4
10285,6,5,1,1
10286,5,6,1,-1
10287,2,4,2,-2
10288,17,5,12,12
10289,4,1,3,3
10290,0,8,8,-8
10291,1,5,4,-4
10292,6,8,2,-2
10293,12,7,5,5
10294,0,11,11,-11
10295,2,1,1,1
10296,4,5,1,-1
10297,1,3,2,-2
10298,2,1,1,1
10299,1,7,6,-6
10300,2,5,3,-3
10301,4,3,1,1
10302,5,0,5,5
10303,3,4,1,-1
10304,7,5,2,2
10305,4,5,1,-1
10306,2,3,1,-1
10307,9,4,5,5
10308,4,2,2,2
10309,2,0,2,2
10310,15,4,11,11
10311,5,1,4,4
10312,13,3,10,10
10313,4,1,3,3
10314,4,0,4,4
10315,3,0,3,3
10316,4,10,6,-6
10317,5,6,1,-1
10318,2,1,1,1
10319,3,4,1,-1
10320,2,4,2,-2
10321,0,5,5,-5
10322,6,1,5,5
10323,3,4,1,-1
10324,1,0,1,1
10325,4,6,2,-2
10326,3,5,2,-2
10327,3,0,3,3
10328,1,0,1,1
10329,11,1,10,10
10330,7,2,5,5
10331,4,0,4,4
10332,4,5,1,-1
10333,2,0,2,2
10334,7,0,7,7
10335,4,3,1,1
10336,1,3,2,-2
10337,3,0,3,3
10338,7,5,2,2
10339,2,5,3,-3
10340,2,5,3,-3
10341,0,6,6,-6
10342,6,1,5,5
10343,6,2,4,4
10344,5,6,1,-1
10345,0,1,1,-1
10346,3,4,1,-1
10347,1,7,6,-6
10348,4,2,2,2
10349,7,18,11,-11
10350,0,3,3,-3
10351,8,5,3,3
10352,1,12,11,-11
10353,5,0,5,5
10354,1,4,3,-3
10355,5,2,3,3
10356,2,6,4,-4
10357,6,2,4,4
10358,13,3,10,10
10359,2,8,6,-6
10360,6,8,2,-2
10361,6,2,4,4
10362,3,4,1,-1
10363,5,3,2,2
10364,2,6,4,-4
10365,3,5,2,-2
10366,2,4,2,-2
10367,6,8,2,-2
10368,3,8,5,-5
10369,1,4,3,-3
10370,6,5,1,1
10371,3,6,3,-3
10372,5,2,3,3
10373,4,5,1,-1
10374,7,6,1,1
10375,3,9,6,-6
10376,4,3,1,1
10377,3,9,6,-6
10378,7,4,3,3
10379,2,6,4,-4
10380,7,6,1,1
10381,3,0,3,3
10382,6,2,4,4
10383,0,5,5,-5
10384,1,6,5,-5
10385,4,5,1,-1
10386,6,5,1,1
10387,9,4,5,5
10388,9,2,7,7
10389,5,3,2,2
10390,0,5,5,-5
10391,4,9,5,-5
10392,1,2,1,-1
10393,6,4,2,2
10394,10,11,1,-1
10395,1,3,2,-2
10396,3,2,1,1
10397,3,4,1,-1
10398,6,1,5,5
10399,4,2,2,2
10400,5,1,4,4
10401,5,14,9,-9
10402,4,3,1,1
10403,8,9,1,-1
10404,2,0,2,2
10405,2,3,1,-1
10406,2,1,1,1
10407,8,7,1,1
10408,7,2,5,5
10409,2,3,1,-1
10410,9,2,7,7
10411,1,3,2,-2
10412,2,5,3,-3
10413,4,5,1,-1
10414,4,2,2,2
10415,3,4,1,-1
10416,3,5,2,-2
10417,1,3,2,-2
10418,5,1,4,4
10419,2,4,2,-2
10420,1,6,5,-5
10421,4,8,4,-4
10422,5,6,1,-1
10423,2,7,5,-5
10424,1,6,5,-5
10425,0,1,1,-1
10426,2,3,1,-1
10427,2,3,1,-1
10428,3,5,2,-2
10429,9,5,4,4
10430,2,0,2,2
10431,3,4,1,-1
10432,1,11,10,-10
10433,2,6,4,-4
10434,7,4,3,3
10435,9,0,9,9
10436,4,3,1,1
10437,12,2,10,10
10438,9,4,5,5
10439,5,6,1,-1
10440,2,5,3,-3
10441,3,1,2,2
10442,6,3,3,3
10443,1,2,1,-1
10444,3,2,1,1
10445,3,5,2,-2
10446,2,3,1,-1
10447,3,2,1,1
10448,1,2,1,-1
10449,3,4,1,-1
10450,2,4,2,-2
10451,7,1,6,6
10452,12,4,8,8
10453,4,1,3,3
10454,5,8,3,-3
10455,1,3,2,-2
10456,0,7,7,-7
10457,4,0,4,4
10458,7,1,6,6
10459,2,1,1,1
10460,2,4,2,-2
10461,6,0,6,6
10462,5,2,3,3
10463,3,4,1,-1
10464,1,8,7,-7
10465,2,6,4,-4
10466,9,2,7,7
10467,7,2,5,5
10468,0,10,10,-10
10469,1,5,4,-4
10470,5,10,5,-5
10471,5,7,2,-2
10472,8,6,2,2
10473,3,4,1,-1
10474,7,6,1,1
10475,5,3,2,2
10476,0,9,9,-9
10477,8,4,4,4
10478,6,4,2,2
10479,3,2,1,1
10480,1,2,1,-1
10481,3,0,3,3
10482,3,4,1,-1
10483,6,5,1,1
10484,6,4,2,2
10485,6,9,3,-3
10486,4,3,1,1
10487,6,3,3,3
10488,3,6,3,-3
10489,6,7,1,-1
10490,2,4,2,-2
10491,6,2,4,4
10492,0,4,4,-4
10493,0,6,6,-6
10494,0,4,4,-4
10495,2,3,1,-1
10496,9,3,6,6
10497,1,0,1,1
10498,1,3,2,-2
10499,1,3,2,-2
10500,2,3,1,-1
10501,6,12,6,-6
10502,3,2,1,1
10503,3,8,5,-5
10504,0,5,5,-5
10505,3,6,3,-3
10506,0,5,5,-5
10507,7,4,3,3
10508,8,5,3,3
10509,3,4,1,-1
10510,1,3,2,-2
10511,5,4,1,1
10512,5,4,1,1
10513,7,5,2,2
10514,8,6,2,2
10515,0,4,4,-4
10516,6,3,3,3
10517,4,1,3,3
10518,6,5,1,1
10519,2,3,1,-1
10520,4,1,3,3
10521,2,5,3,-3
10522,1,2,1,-1
10523,6,1,5,5
10524,5,9,4,-4
10525,6,3,3,3
10526,6,1,5,5
10527,6,4,2,2
10528,2,1,1,1
10529,3,2,1,1
10530,5,11,6,-6
10531,5,6,1,-1
10532,9,4,5,5
10533,2,9,7,-7
10534,1,7,6,-6
10535,4,2,2,2
10536,6,7,1,-1
10537,4,1,3,3
10538,1,3,2,-2
10539,3,11,8,-8
10540,2,3,1,-1
10541,2,12,10,-10
10542,5,0,5,5
10543,2,12,10,-10
10544,9,5,4,4
10545,8,0,8,8
10546,5,4,1,1
10547,0,2,2,-2
10548,2,10,8,-8
10549,0,4,4,-4
10550,1,4,3,-3
10551,4,6,2,-2
10552,9,4,5,5
10553,7,2,5,5
10554,3,6,3,-3
10555,0,4,4,-4
10556,0,4,4,-4
10557,4,3,1,1
10558,5,3,2,2
10559,4,2,2,2
10560,0,9,9,-9
10561,4,3,1,1
10562,8,0,8,8
10563,2,0,2,2
10564,2,3,1,-1
10565,10,2,8,8
10566,2,5,3,-3
10567,1,3,2,-2
10568,2,6,4,-4
10569,11,2,9,9
10570,10,3,7,7
10571,6,0,6,6
10572,3,5,2,-2
10573,5,3,2,2
10574,2,7,5,-5
10575,5,2,3,3
10576,8,3,5,5
10577,7,5,2,2
10578,1,2,1,-1
10579,3,8,5,-5
10580,4,2,2,2
10581,4,1,3,3
10582,0,1,1,-1
10583,6,4,2,2
10584,4,1,3,3
10585,8,7,1,1
10586,0,7,7,-7
10587,4,7,3,-3
10588,8,2,6,6
10589,4,0,4,4
10590,5,2,3,3
10591,4,6,2,-2
10592,7,4,3,3
10593,5,4,1,1
10594,6,5,1,1
10595,2,0,2,2
10596,4,5,1,-1
10597,3,2,1,1
10598,16,8,8,8
10599,2,1,1,1
10600,2,3,1,-1
10601,4,8,4,-4
10602,7,3,4,4
10603,5,8,3,-3
10604,2,3,1,-1
10605,8,5,3,3
10606,1,2,1,-1
10607,11,6,5,5
10608,6,8,2,-2
10609,4,7,3,-3
10610,6,1,5,5
10611,12,7,5,5
10612,2,4,2,-2
10613,4,8,4,-4
10614,4,3,1,1
10615,2,6,4,-4
10616,4,2,2,2
10617,5,4,1,1
10618,0,4,4,-4
10619,4,6,2,-2
10620,1,3,2,-2
10621,5,2,3,3
10622,3,5,2,-2
10623,8,0,8,8
10624,7,2,5,5
10625,5,15,10,-10
10626,6,0,6,6
10627,2,4,2,-2
10628,5,6,1,-1
10629,3,6,3,-3
10630,6,8,2,-2
10631,4,8,4,-4
10632,0,8,8,-8
10633,7,4,3,3
10634,8,3,5,5
10635,5,0,5,5
10636,3,4,1,-1
10637,2,5,3,-3
10638,5,6,1,-1
10639,4,5,1,-1
10640,9,3,6,6
10641,3,4,1,-1
10642,4,5,1,-1
10643,2,4,2,-2
10644,11,1,10,10
10645,5,3,2,2
10646,1,2,1,-1
10647,14,5,9,9
10648,5,0,5,5
10649,3,2,1,1
10650,5,0,5,5
10651,5,6,1,-1
10652,4,3,1,1
10653,1,4,3,-3
10654,6,1,5,5
10655,1,0,1,1
10656,6,0,6,6
10657,4,6,2,-2
10658,1,4,3,-3
10659,0,4,4,-4
10660,5,6,1,-1
10661,3,0,3,3
10662,17,7,10,10
10663,4,5,1,-1
10664,4,3,1,1
10665,6,2,4,4
10666,3,1,2,2
10667,2,6,4,-4
10668,9,2,7,7
10669,1,2,1,-1
10670,1,0,1,1
10671,5,9,4,-4
10672,3,2,1,1
10673,1,0,1,1
10674,8,5,3,3
10675,4,0,4,4
10676,1,4,3,-3
10677,6,1,5,5
10678,13,10,3,3
10679,2,6,4,-4
10680,2,5,3,-3
10681,7,3,4,4
10682,2,1,1,1
10683,7,1,6,6
10684,0,6,6,-6
10685,2,8,6,-6
10686,1,5,4,-4
10687,1,4,3,-3
10688,4,2,2,2
10689,3,6,3,-3
10690,0,6,6,-6
10691,7,2,5,5
10692,0,5,5,-5
10693,2,8,6,-6
10694,3,1,2,2
10695,0,3,3,-3
10696,2,4,2,-2
10697,6,2,4,4
10698,2,4,2,-2
10699,2,5,3,-3
10700,4,0,4,4
10701,4,5,1,-1
10702,6,3,3,3
10703,1,4,3,-3
10704,3,10,7,-7
10705,5,1,4,4
10706,3,7,4,-4
10707,0,4,4,-4
10708,1,7,6,-6
10709,4,0,4,4
10710,3,10,7,-7
10711,7,2,5,5
10712,2,0,2,2
10713,6,1,5,5
10714,7,0,7,7
10715,1,0,1,1
10716,3,4,1,-1
10717,3,4,1,-1
10718,8,6,2,2
10719,6,5,1,1
10720,2,6,4,-4
10721,2,1,1,1
10722,7,4,3,3
10723,0,1,1,-1
10724,2,3,1,-1
10725,3,2,1,1
10726,9,1,8,8
10727,9,12,3,-3
10728,3,7,4,-4
10729,1,5,4,-4
10730,4,3,1,1
10731,11,6,5,5
10732,4,6,2,-2
10733,8,6,2,2
10734,2,4,2,-2
10735,5,0,5,5
10736,4,7,3,-3
10737,5,4,1,1
10738,1,4,3,-3
10739,5,2,3,3
10740,3,2,1,1
10741,6,3,3,3
10742,3,4,1,-1
10743,4,3,1,1
10744,5,10,5,-5
10745,1,5,4,-4
10746,3,7,4,-4
10747,6,3,3,3
10748,2,3,1,-1
10749,13,4,9,9
10750,1,3,2,-2
10751,3,0,3,3
10752,8,7,1,1
10753,2,5,3,-3
10754,0,1,1,-1
10755,3,4,1,-1
10756,11,8,3,3
10757,14,8,6,6
10758,1,5,4,-4
10759,4,5,1,-1
10760,9,3,6,6
10761,6,1,5,5
10762,1,6,5,-5
10763,5,4,1,1
10764,2,6,4,-4
10765,1,2,1,-1
10766,2,8,6,-6
10767,9,3,6,6
10768,11,4,7,7
10769,1,3,2,-2
10770,6,10,4,-4
10771,1,6,5,-5
10772,7,5,2,2
10773,7,5,2,2
10774,5,2,3,3
10775,2,4,2,-2
10776,5,6,1,-1
10777,6,5,1,1
10778,2,5,3,-3
10779,5,6,1,-1
10780,1,2,1,-1
10781,6,7,1,-1
10782,2,1,1,1
10783,3,7,4,-4
10784,2,4,2,-2
10785,2,0,2,2
10786,3,4,1,-1
10787,10,5,5,5
10788,0,8,8,-8
10789,6,1,5,5
10790,11,4,7,7
10791,1,2,1,-1
10792,3,2,1,1
10793,5,6,1,-1
10794,3,5,2,-2
10795,1,2,1,-1
10796,2,4,2,-2
10797,4,6,2,-2
10798,2,4,2,-2
10799,0,5,5,-5
10800,4,1,3,3
10801,1,0,1,1
10802,3,4,1,-1
10803,1,4,3,-3
10804,4,1,3,3
10805,3,0,3,3
10806,3,7,4,-4
10807,6,4,2,2
10808,7,5,2,2
10809,4,5,1,-1
10810,3,5,2,-2
10811,3,4,1,-1
10812,3,1,2,2
10813,1,4,3,-3
10814,3,6,3,-3
10815,14,9,5,5
10816,13,10,3,3
10817,2,3,1,-1
10818,5,6,1,-1
10819,5,1,4,4
10820,6,4,2,2
10821,2,3,1,-1
10822,5,4,1,1
10823,2,1,1,1
10824,3,4,1,-1
10825,6,1,5,5
10826,1,2,1,-1
10827,0,8,8,-8
10828,6,4,2,2
10829,5,3,2,2
10830,1,11,10,-10
10831,9,4,5,5
10832,4,0,4,4
10833,4,2,2,2
10834,1,4,3,-3
10835,0,3,3,-3
10836,2,5,3,-3
10837,10,4,6,6
10838,2,1,1,1
10839,5,6,1,-1
10840,8,0,8,8
10841,7,6,1,1
10842,2,5,3,-3
10843,4,1,3,3
10844,2,1,1,1
10845,3,4,1,-1
10846,6,5,1,1
10847,11,5,6,6
10848,2,1,1,1
10849,3,5,2,-2
10850,1,4,3,-3
10851,4,6,2,-2
10852,3,5,2,-2
10853,3,12,9,-9
10854,8,1,7,7
10855,3,8,5,-5
10856,6,1,5,5
10857,8,0,8,8
10858,3,0,3,3
10859,4,0,4,4
10860,6,0,6,6
10861,6,8,2,-2
10862,4,2,2,2
10863,3,2,1,1
10864,2,0,2,2
10865,2,8,6,-6
10866,6,5,1,1
10867,8,2,6,6
10868,6,7,1,-1
10869,8,9,1,-1
10870,3,7,4,-4
10871,5,10,5,-5
10872,4,2,2,2
10873,1,10,9,-9
10874,4,7,3,-3
10875,7,2,5,5
10876,2,6,4,-4
10877,4,5,1,-1
10878,4,0,4,4
10879,5,4,1,1
10880,5,4,1,1
10881,1,5,4,-4
10882,8,6,2,2
10883,5,3,2,2
10884,6,1,5,5
10885,4,1,3,3
10886,9,6,3,3
10887,2,9,7,-7
10888,8,5,3,3
10889,3,2,1,1
10890,0,4,4,-4
10891,4,6,2,-2
10892,1,6,5,-5
10893,6,0,6,6
10894,0,7,7,-7
10895,3,5,2,-2
10896,0,1,1,-1
10897,4,7,3,-3
10898,3,5,2,-2
10899,2,5,3,-3
10900,3,1,2,2
10901,5,2,3,3
10902,1,4,3,-3
10903,3,4,1,-1
10904,6,8,2,-2
10905,0,6,6,-6
10906,2,3,1,-1
10907,4,5,1,-1
10908,5,4,1,1
10909,2,7,5,-5
10910,3,1,2,2
10911,9,5,4,4
10912,2,3,1,-1
10913,4,2,2,2
10914,2,3,1,-1
10915,2,1,1,1
10916,6,2,4,4
10917,5,4,1,1
10918,4,3,1,1
10919,6,2,4,4
10920,2,1,1,1
10921,5,0,5,5
10922,0,5,5,-5
10923,4,3,1,1
10924,3,0,3,3
10925,7,2,5,5
10926,1,9,8,-8
10927,7,6,1,1
10928,4,7,3,-3
10929,10,3,7,7
10930,5,1,4,4
10931,5,3,2,2
10932,3,1,2,2
10933,7,3,4,4
10934,12,7,5,5
10935,4,6,2,-2
10936,4,5,1,-1
10937,8,5,3,3
10938,0,3,3,-3
10939,3,2,1,1
10940,4,0,4,4
10941,0,6,6,-6
10942,4,3,1,1
10943,10,4,6,6
10944,3,2,1,1
10945,2,5,3,-3
10946,1,2,1,-1
10947,4,0,4,4
10948,1,7,6,-6
10949,2,0,2,2
10950,4,5,1,-1
10951,10,4,6,6
10952,6,1,5,5
10953,4,3,1,1
10954,3,5,2,-2
10955,0,1,1,-1
10956,0,1,1,-1
10957,3,7,4,-4
10958,3,8,5,-5
10959,2,1,1,1
10960,8,4,4,4
10961,7,5,2,2
10962,0,3,3,-3
10963,13,2,11,11
10964,2,10,8,-8
10965,2,1,1,1
10966,1,4,3,-3
10967,4,5,1,-1
10968,10,3,7,7
10969,4,5,1,-1
10970,2,3,1,-1
10971,2,8,6,-6
10972,0,5,5,-5
10973,1,7,6,-6
10974,4,6,2,-2
10975,16,9,7,7
10976,2,3,1,-1
10977,3,9,6,-6
10978,5,2,3,3
10979,4,0,4,4
10980,6,3,3,3
10981,4,7,3,-3
10982,1,3,2,-2
10983,5,4,1,1
10984,0,5,5,-5
10985,1,5,4,-4
10986,0,3,3,-3
10987,2,0,2,2
10988,3,4,1,-1
10989,2,5,3,-3
10990,2,5,3,-3
10991,1,8,7,-7
10992,7,4,3,3
10993,1,4,3,-3
10994,3,2,1,1
10995,5,4,1,1
10996,10,2,8,8
10997,7,2,5,5
10998,6,7,1,-1
10999,1,7,6,-6
11000,7,1,6,6
11001,6,3,3,3
11002,6,5,1,1
11003,0,1,1,-1
11004,2,5,3,-3
11005,2,4,2,-2
11006,9,0,9,9
11007,5,6,1,-1
11008,2,8,6,-6
11009,0,2,2,-2
11010,2,3,1,-1
11011,7,2,5,5
11012,5,11,6,-6
11013,2,3,1,-1
11014,7,4,3,3
11015,3,2,1,1
11016,3,7,4,-4
11017,7,2,5,5
11018,1,2,1,-1
11019,1,5,4,-4
11020,4,10,6,-6
11021,1,0,1,1
11022,7,8,1,-1
11023,5,3,2,2
11024,2,3,1,-1
11025,5,3,2,2
11026,6,5,1,1
11027,0,13,13,-13
11028,1,6,5,-5
11029,7,6,1,1
11030,0,1,1,-1
11031,1,4,3,-3
11032,7,3,4,4
11033,9,7,2,2
11034,2,4,2,-2
11035,3,1,2,2
11036,2,4,2,-2
11037,8,2,6,6
11038,4,8,4,-4
11039,2,6,4,-4
11040,5,3,2,2
11041,8,4,4,4
11042,1,2,1,-1
11043,2,5,3,-3
11044,4,0,4,4
11045,5,3,2,2
11046,0,5,5,-5
11047,0,2,2,-2
11048,6,0,6,6
11049,12,7,5,5
11050,1,9,8,-8
11051,3,9,6,-6
11052,6,1,5,5
11053,3,2,1,1
11054,3,4,1,-1
11055,0,2,2,-2
11056,8,2,6,6
11057,4,0,4,4
11058,8,3,5,5
11059,3,5,2,-2
11060,5,14,9,-9
11061,1,6,5,-5
11062,2,0,2,2
11063,3,4,1,-1
11064,8,3,5,5
11065,2,1,1,1
11066,2,4,2,-2
11067,5,6,1,-1
11068,1,2,1,-1
11069,9,7,2,2
11070,3,8,5,-5
11071,4,5,1,-1
11072,7,8,1,-1
11073,6,2,4,4
11074,4,5,1,-1
11075,5,4,1,1
11076,1,4,3,-3
11077,8,1,7,7
11078,5,4,1,1
11079,8,4,4,4
11080,3,4,1,-1
11081,1,4,3,-3
11082,3,6,3,-3
11083,4,1,3,3
11084,1,4,3,-3
11085,2,5,3,-3
11086,2,5,3,-3
11087,3,4,1,-1
11088,3,4,1,-1
11089,3,9,6,-6
11090,16,4,12,12
11091,4,2,2,2
11092,15,6,9,9
11093,6,4,2,2
11094,1,2,1,-1
11095,9,1,8,8
11096,3,1,2,2
11097,6,1,5,5
11098,9,1,8,8
11099,2,3,1,-1
11100,4,7,3,-3
11101,8,3,5,5
11102,2,1,1,1
11103,2,3,1,-1
11104,8,5,3,3
11105,3,0,3,3
11106,4,5,1,-1
11107,5,6,1,-1
11108,2,6,4,-4
11109,6,3,3,3
11110,7,6,1,1
11111,1,7,6,-6
11112,2,6,4,-4
11113,0,5,5,-5
11114,3,0,3,3
11115,6,2,4,4
11116,2,3,1,-1
11117,5,1,4,4
11118,2,6,4,-4
11119,3,10,7,-7
11120,5,2,3,3
11121,11,6,5,5
11122,6,5,1,1
11123,9,3,6,6
11124,0,1,1,-1
11125,10,2,8,8
11126,4,5,1,-1
11127,5,3,2,2
11128,2,0,2,2
11129,1,3,2,-2
11130,2,3,1,-1
11131,11,0,11,11
11132,2,5,3,-3
11133,4,1,3,3
11134,0,3,3,-3
11135,10,7,3,3
11136,10,7,3,3
11137,3,6,3,-3
11138,13,5,8,8
11139,0,1,1,-1
11140,2,11,9,-9
11141,1,9,8,-8
11142,10,3,7,7
11143,4,8,4,-4
11144,2,3,1,-1
11145,4,5,1,-1
11146,2,3,1,-1
11147,9,3,6,6
11148,6,2,4,4
11149,3,4,1,-1
11150,4,5,1,-1
11151,5,1,4,4
11152,4,5,1,-1
11153,4,6,2,-2
11154,9,1,8,8
11155,2,4,2,-2
11156,5,4,1,1
11157,2,3,1,-1
11158,4,2,2,2
11159,3,2,1,1
11160,1,2,1,-1
11161,3,4,1,-1
11162,6,2,4,4
11163,5,2,3,3
11164,5,1,4,4
11165,1,7,6,-6
11166,8,4,4,4
11167,1,4,3,-3
11168,3,9,6,-6
11169,2,1,1,1
11170,5,3,2,2
11171,2,3,1,-1
11172,0,6,6,-6
11173,2,4,2,-2
11174,3,8,5,-5
11175,5,6,1,-1
11176,0,6,6,-6
11177,11,7,4,4
11178,1,5,4,-4
11179,5,3,2,2
11180,2,3,1,-1
11181,2,10,8,-8
11182,6,9,3,-3
11183,2,3,1,-1
11184,2,8,6,-6
11185,2,3,1,-1
11186,3,5,2,-2
11187,1,2,1,-1
11188,4,3,1,1
11189,4,5,1,-1
11190,4,2,2,2
11191,1,3,2,-2
11192,3,4,1,-1
11193,4,2,2,2
11194,2,5,3,-3
11195,14,1,13,13
11196,4,3,1,1
11197,3,1,2,2
11198,7,2,5,5
11199,2,5,3,-3
11200,7,4,3,3
11201,5,2,3,3
11202,4,2,2,2
11203,7,1,6,6
11204,8,2,6,6
11205,1,2,1,-1
11206,3,2,1,1
11207,3,1,2,2
11208,3,7,4,-4
11209,4,5,1,-1
11210,6,5,1,1
11211,0,6,6,-6
11212,7,4,3,3
11213,3,4,1,-1
11214,9,6,3,3
11215,7,12,5,-5
11216,7,2,5,5
11217,2,3,1,-1
11218,2,1,1,1
11219,1,3,2,-2
11220,1,2,1,-1
11221,7,9,2,-2
11222,3,2,1,1
11223,4,6,2,-2
11224,11,5,6,6
11225,1,6,5,-5
11226,8,3,5,5
11227,4,6,2,-2
11228,1,5,4,-4
11229,3,1,2,2
11230,1,6,5,-5
11231,3,0,3,3
11232,6,4,2,2
11233,1,2,1,-1
11234,5,2,3,3
11235,2,4,2,-2
11236,1,13,12,-12
11237,4,0,4,4
11238,0,8,8,-8
11239,3,2,1,1
11240,13,3,10,10
11241,1,9,8,-8
11242,1,2,1,-1
11243,1,2,1,-1
11244,2,0,2,2
11245,4,6,2,-2
11246,9,5,4,4
11247,4,6,2,-2
11248,2,1,1,1
11249,4,6,2,-2
11250,1,4,3,-3
11251,5,2,3,3
11252,6,7,1,-1
11253,4,1,3,3
11254,1,8,7,-7
11255,3,2,1,1
11256,5,9,4,-4
11257,8,1,7,7
11258,0,4,4,-4
11259,7,3,4,4
11260,5,7,2,-2
11261,7,0,7,7
11262,6,4,2,2
11263,3,4,1,-1
11264,0,3,3,-3
11265,5,1,4,4
11266,3,5,2,-2
11267,6,3,3,3
11268,0,1,1,-1
11269,1,8,7,-7
11270,2,5,3,-3
11271,10,6,4,4
11272,5,0,5,5
11273,1,2,1,-1
11274,4,2,2,2
11275,10,3,7,7
11276,3,4,1,-1
11277,5,4,1,1
11278,3,2,1,1
11279,3,2,1,1
11280,9,3,6,6
11281,3,8,5,-5
11282,1,0,1,1
11283,4,2,2,2
11284,7,5,2,2
11285,2,0,2,2
11286,2,4,2,-2
11287,4,3,1,1
11288,14,1,13,13
11289,3,7,4,-4
11290,1,2,1,-1
11291,2,4,2,-2
11292,0,2,2,-2
11293,1,4,3,-3
11294,2,1,1,1
11295,6,7,1,-1
11296,1,7,6,-6
11297,5,0,5,5
11298,6,7,1,-1
11299,4,2,2,2
11300,5,2,3,3
11301,11,4,7,7
11302,7,4,3,3
11303,2,1,1,1
11304,1,5,4,-4
11305,12,11,1,1
11306,3,4,1,-1
11307,0,3,3,-3
11308,4,8,4,-4
11309,0,3,3,-3
11310,6,0,6,6
11311,1,3,2,-2
11312,3,1,2,2
11313,3,4,1,-1
11314,6,1,5,5
11315,0,2,2,-2
11316,2,7,5,-5
11317,1,8,7,-7
11318,2,3,1,-1
11319,5,0,5,5
11320,2,3,1,-1
11321,6,4,2,2
11322,5,4,1,1
11323,2,3,1,-1
11324,4,3,1,1
11325,2,11,9,-9
11326,1,12,11,-11
11327,5,7,2,-2
11328,1,0,1,1
11329,6,5,1,1
11330,7,4,3,3
11331,6,5,1,1
11332,3,6,3,-3
11333,4,7,3,-3
11334,1,3,2,-2
11335,1,2,1,-1
11336,3,1,2,2
11337,6,2,4,4
11338,10,4,6,6
11339,1,2,1,-1
11340,3,4,1,-1
11341,8,10,2,-2
11342,2,12,10,-10
11343,2,4,2,-2
11344,1,3,2,-2
11345,1,0,1,1
11346,5,3,2,2
11347,9,4,5,5
11348,8,2,6,6
11349,5,2,3,3
11350,5,1,4,4
11351,1,10,9,-9
11352,7,4,3,3
11353,2,1,1,1
11354,6,3,3,3
11355,6,4,2,2
11356,8,6,2,2
11357,0,2,2,-2
11358,5,11,6,-6
11359,2,8,6,-6
11360,3,8,5,-5
11361,3,10,7,-7
11362,8,3,5,5
11363,2,5,3,-3
11364,1,2,1,-1
11365,2,4,2,-2
11366,2,3,1,-1
11367,7,9,2,-2
11368,0,11,11,-11
11369,0,1,1,-1
11370,8,7,1,1
11371,16,3,13,13
11372,3,4,1,-1
11373,0,4,4,-4
11374,1,6,5,-5
11375,4,2,2,2
11376,7,5,2,2
11377,2,3,1,-1
11378,7,3,4,4
11379,7,3,4,4
11380,9,0,9,9
11381,3,4,1,-1
11382,2,3,1,-1
11383,0,4,4,-4
11384,3,5,2,-2
11385,1,7,6,-6
11386,1,2,1,-1
11387,2,3,1,-1
11388,5,0,5,5
11389,4,3,1,1
11390,7,3,4,4
11391,16,0,16,16
11392,9,2,7,7
11393,1,3,2,-2
11394,4,3,1,1
11395,0,3,3,-3
11396,2,4,2,-2
11397,9,3,6,6
11398,12,2,10,10
11399,6,5,1,1
11400,4,5,1,-1
11401,3,4,1,-1
11402,1,2,1,-1
11403,6,3,3,3
11404,2,3,1,-1
11405,6,1,5,5
11406,2,1,1,1
11407,3,1,2,2
11408,5,4,1,1
11409,1,5,4,-4
11410,7,3,4,4
11411,3,7,4,-4
11412,1,5,4,-4
11413,4,3,1,1
11414,3,8,5,-5
11415,4,13,9,-9
11416,7,4,3,3
11417,3,10,7,-7
11418,3,7,4,-4
11419,2,1,1,1
11420,1,7,6,-6
11421,7,0,7,7
11422,0,1,1,-1
11423,0,3,3,-3
11424,3,13,10,-10
11425,2,1,1,1
11426,6,2,4,4
11427,0,4,4,-4
11428,6,2,4,4
11429,1,3,2,-2
11430,5,6,1,-1
11431,2,7,5,-5
11432,2,5,3,-3
11433,3,5,2,-2
11434,4,2,2,2
11435,2,12,10,-10
11436,3,4,1,-1
11437,2,4,2,-2
11438,6,10,4,-4
11439,5,6,1,-1
11440,1,4,3,-3
11441,5,4,1,1
11442,3,5,2,-2
11443,6,7,1,-1
11444,4,3,1,1
11445,2,1,1,1
11446,3,9,6,-6
11447,5,4,1,1
11448,1,2,1,-1
11449,4,5,1,-1
11450,3,10,7,-7
11451,3,8,5,-5
11452,0,5,5,-5
11453,3,0,3,3
11454,4,9,5,-5
11455,2,1,1,1
11456,2,3,1,-1
11457,4,14,10,-10
11458,4,1,3,3
11459,4,0,4,4
11460,4,3,1,1
11461,1,4,3,-3
11462,2,1,1,1
11463,2,1,1,1
11464,3,1,2,2
11465,8,3,5,5
11466,6,2,4,4
11467,4,7,3,-3
11468,4,1,3,3
11469,6,1,5,5
11470,2,4,2,-2
11471,5,6,1,-1
11472,5,3,2,2
11473,1,3,2,-2
11474,2,3,1,-1
11475,2,7,5,-5
11476,5,1,4,4
11477,6,7,1,-1
11478,8,2,6,6
11479,3,11,8,-8
11480,4,2,2,2
11481,2,3,1,-1
11482,1,11,10,-10
11483,7,0,7,7
11484,6,2,4,4
11485,3,1,2,2
11486,5,6,1,-1
11487,5,3,2,2
11488,6,11,5,-5
11489,3,4,1,-1
11490,2,7,5,-5
11491,4,10,6,-6
11492,11,3,8,8
11493,3,6,3,-3
11494,2,3,1,-1
11495,4,2,2,2
11496,0,3,3,-3
11497,3,2,1,1
11498,0,3,3,-3
11499,7,1,6,6
11500,2,4,2,-2
11501,1,4,3,-3
11502,3,2,1,1
11503,3,4,1,-1
11504,3,5,2,-2
11505,2,3,1,-1
11506,1,0,1,1
11507,4,8,4,-4
11508,3,1,2,2
11509,0,3,3,-3
11510,0,2,2,-2
11511,10,1,9,9
11512,2,3,1,-1
11513,2,4,2,-2
11514,5,4,1,1
11515,5,2,3,3
11516,3,2,1,1
11517,3,5,2,-2
11518,1,7,6,-6
11519,4,9,5,-5
11520,2,5,3,-3
11521,3,7,4,-4
11522,6,3,3,3
11523,6,4,2,2
11524,6,2,4,4
11525,3,7,4,-4
11526,4,5,1,-1
11527,4,1,3,3
11528,3,4,1,-1
11529,5,3,2,2
11530,5,11,6,-6
11531,1,2,1,-1
11532,7,2,5,5
11533,6,5,1,1
11534,0,5,5,-5
11535,5,4,1,1
11536,2,7,5,-5
11537,3,2,1,1
11538,6,3,3,3
11539,3,2,1,1
11540,2,3,1,-1
11541,5,3,2,2
11542,2,4,2,-2
11543,4,5,1,-1
11544,7,10,3,-3
11545,6,3,3,3
11546,0,6,6,-6
11547,2,4,2,-2
11548,1,4,3,-3
11549,3,2,1,1
11550,5,4,1,1
11551,3,4,1,-1
11552,3,2,1,1
11553,1,2,1,-1
11554,3,7,4,-4
11555,5,6,1,-1
11556,9,5,4,4
11557,3,4,1,-1
11558,8,1,7,7
11559,5,7,2,-2
11560,4,1,3,3
11561,8,1,7,7
11562,12,6,6,6
11563,4,2,2,2
11564,2,3,1,-1
11565,3,4,1,-1
11566,9,10,1,-1
11567,5,10,5,-5
11568,7,2,5,5
11569,3,10,7,-7
11570,2,1,1,1
11571,2,5,3,-3
11572,6,7,1,-1
11573,5,6,1,-1
11574,4,2,2,2
11575,8,2,6,6
11576,6,4,2,2
11577,4,1,3,3
11578,1,4,3,-3
11579,7,3,4,4
11580,5,6,1,-1
11581,4,5,1,-1
11582,4,3,1,1
11583,5,1,4,4
11584,7,5,2,2
11585,7,4,3,3
11586,2,6,4,-4
11587,8,6,2,2
11588,1,2,1,-1
11589,7,4,3,3
11590,6,8,2,-2
11591,3,4,1,-1
11592,1,6,5,-5
11593,5,2,3,3
11594,11,3,8,8
11595,4,5,1,-1
11596,1,8,7,-7
11597,8,3,5,5
11598,4,3,1,1
11599,5,0,5,5
11600,5,2,3,3
11601,8,5,3,3
11602,6,0,6,6
11603,8,3,5,5
11604,2,5,3,-3
11605,4,1,3,3
11606,5,4,1,1
11607,9,5,4,4
11608,3,4,1,-1
11609,2,3,1,-1
11610,3,7,4,-4
11611,2,3,1,-1
11612,2,0,2,2
11613,1,4,3,-3
11614,0,3,3,-3
11615,0,1,1,-1
11616,5,3,2,2
11617,8,0,8,8
11618,1,2,1,-1
11619,0,1,1,-1
11620,5,3,2,2
11621,5,1,4,4
11622,6,20,14,-14
11623,3,4,1,-1
11624,3,5,2,-2
11625,6,3,3,3
11626,8,0,8,8
11627,1,5,4,-4
11628,1,4,3,-3
11629,3,1,2,2
11630,13,5,8,8
11631,2,6,4,-4
11632,8,3,5,5
11633,4,5,1,-1
11634,10,3,7,7
11635,7,3,4,4
11636,2,3,1,-1
11637,4,12,8,-8
11638,8,6,2,2
11639,3,5,2,-2
11640,1,2,1,-1
11641,6,3,3,3
11642,4,5,1,-1
11643,2,5,3,-3
11644,2,7,5,-5
11645,0,1,1,-1
11646,4,5,1,-1
11647,4,7,3,-3
11648,10,2,8,8
11649,6,5,1,1
11650,2,6,4,-4
11651,8,6,2,2
11652,1,3,2,-2
11653,13,4,9,9
11654,4,7,3,-3
11655,9,4,5,5
11656,1,3,2,-2
11657,2,1,1,1
11658,7,4,3,3
11659,1,2,1,-1
11660,3,5,2,-2
11661,4,7,3,-3
11662,11,3,8,8
11663,3,4,1,-1
11664,1,7,6,-6
11665,6,14,8,-8
11666,7,1,6,6
11667,1,9,8,-8
11668,8,2,6,6
11669,8,1,7,7
11670,2,0,2,2
11671,4,3,1,1
11672,2,3,1,-1
11673,3,2,1,1
11674,10,1,9,9
11675,3,2,1,1
11676,2,8,6,-6
11677,2,4,2,-2
11678,8,6,2,2
11679,2,5,3,-3
11680,2,4,2,-2
11681,1,2,1,-1
11682,0,5,5,-5
11683,11,7,4,4
11684,9,5,4,4
11685,3,0,3,3
11686,2,3,1,-1
11687,3,4,1,-1
11688,2,5,3,-3
11689,1,4,3,-3
11690,0,3,3,-3
11691,1,6,5,-5
11692,3,1,2,2
11693,2,3,1,-1
11694,8,4,4,4
11695,5,4,1,1
11696,1,6,5,-5
11697,12,4,8,8
11698,2,5,3,-3
11699,3,1,2,2
11700,5,7,2,-2
11701,3,2,1,1
11702,4,8,4,-4
11703,1,3,2,-2
11704,2,3,1,-1
11705,2,4,2,-2
11706,3,4,1,-1
11707,4,5,1,-1
11708,3,2,1,1
11709,2,3,1,-1
11710,2,4,2,-2
11711,11,5,6,6
11712,2,7,5,-5
11713,6,1,5,5
11714,1,4,3,-3
11715,0,4,4,-4
11716,1,9,8,-8
11717,7,1,6,6
11718,13,6,7,7
11719,6,1,5,5
11720,8,3,5,5
11721,8,4,4,4
11722,6,3,3,3
11723,2,5,3,-3
11724,2,5,3,-3
11725,1,4,3,-3
11726,1,2,1,-1
11727,2,3,1,-1
11728,2,13,11,-11
11729,7,2,5,5
11730,0,2,2,-2
11731,2,3,1,-1
11732,3,6,3,-3
11733,8,4,4,4
11734,0,2,2,-2
11735,3,2,1,1
11736,3,1,2,2
11737,0,7,7,-7
11738,0,2,2,-2
11739,2,0,2,2
11740,4,0,4,4
11741,7,2,5,5
11742,2,3,1,-1
11743,1,2,1,-1
11744,1,3,2,-2
11745,5,1,4,4
11746,2,13,11,-11
11747,1,8,7,-7
11748,8,12,4,-4
11749,2,6,4,-4
11750,2,3,1,-1
11751,4,3,1,1
11752,3,5,2,-2
11753,3,0,3,3
11754,3,4,1,-1
11755,2,6,4,-4
11756,0,1,1,-1
11757,5,6,1,-1
11758,3,2,1,1
11759,7,1,6,6
11760,5,15,10,-10
11761,6,9,3,-3
11762,6,4,2,2
11763,12,1,11,11
11764,3,4,1,-1
11765,1,6,5,-5
11766,3,4,1,-1
11767,7,0,7,7
11768,2,4,2,-2
11769,9,10,1,-1
11770,6,4,2,2
11771,6,9,3,-3
11772,1,3,2,-2
11773,4,5,1,-1
11774,4,5,1,-1
11775,4,2,2,2
11776,3,8,5,-5
11777,1,2,1,-1
11778,6,3,3,3
11779,9,4,5,5
11780,6,5,1,1
11781,8,2,6,6
11782,4,0,4,4
11783,1,7,6,-6
11784,12,7,5,5
11785,1,4,3,-3
11786,8,6,2,2
11787,1,2,1,-1
11788,4,6,2,-2
11789,0,6,6,-6
11790,0,7,7,-7
11791,1,4,3,-3
11792,1,4,3,-3
11793,4,11,7,-7
11794,1,5,4,-4
11795,2,1,1,1
11796,7,4,3,3
11797,4,7,3,-3
11798,2,6,4,-4
11799,2,9,7,-7
11800,8,5,3,3
11801,4,3,1,1
11802,6,1,5,5
11803,0,1,1,-1
11804,7,9,2,-2
11805,11,4,7,7
11806,5,4,1,1
11807,4,5,1,-1
11808,1,0,1,1
11809,10,2,8,8
11810,3,2,1,1
11811,5,1,4,4
11812,8,9,1,-1
11813,1,2,1,-1
11814,8,2,6,6
11815,7,6,1,1
11816,1,0,1,1
11817,4,3,1,1
11818,0,3,3,-3
11819,7,5,2,2
11820,5,3,2,2
11821,14,5,9,9
11822,0,3,3,-3
11823,1,2,1,-1
11824,3,11,8,-8
11825,2,6,4,-4
11826,9,8,1,1
11827,3,4,1,-1
11828,1,3,2,-2
11829,5,4,1,1
11830,8,5,3,3
11831,2,6,4,-4
11832,3,4,1,-1
11833,2,3,1,-1
11834,4,2,2,2
11835,5,0,5,5
11836,1,2,1,-1
11837,6,7,1,-1
11838,2,5,3,-3
11839,4,3,1,1
11840,5,3,2,2
11841,3,1,2,2
11842,3,1,2,2
11843,0,2,2,-2
11844,1,6,5,-5
11845,14,4,10,10
11846,2,0,2,2
11847,4,3,1,1
11848,7,5,2,2
11849,0,1,1,-1
11850,10,4,6,6
11851,4,3,1,1
11852,0,6,6,-6
11853,2,7,5,-5
11854,0,4,4,-4
11855,9,1,8,8
11856,2,3,1,-1
11857,4,0,4,4
11858,4,5,1,-1
11859,12,3,9,9
11860,5,9,4,-4
11861,1,4,3,-3
11862,0,8,8,-8
11863,5,0,5,5
11864,4,9,5,-5
11865,6,4,2,2
11866,2,3,1,-1
11867,6,4,2,2
11868,1,2,1,-1
11869,4,1,3,3
11870,11,2,9,9
11871,4,3,1,1
11872,2,4,2,-2
11873,4,3,1,1
11874,2,1,1,1
11875,9,3,6,6
11876,2,9,7,-7
11877,5,9,4,-4
11878,6,3,3,3
11879,6,3,3,3
11880,0,2,2,-2
11881,3,4,1,-1
11882,1,5,4,-4
11883,4,6,2,-2
11884,10,6,4,4
11885,1,2,1,-1
11886,3,0,3,3
11887,5,8,3,-3
11888,5,2,3,3
11889,8,1,7,7
11890,1,11,10,-10
11891,2,4,2,-2
11892,0,4,4,-4
11893,1,4,3,-3
11894,0,2,2,-2
11895,6,3,3,3
11896,0,5,5,-5
11897,6,2,4,4
11898,0,1,1,-1
11899,2,8,6,-6
11900,0,2,2,-2
11901,6,3,3,3
11902,4,5,1,-1
11903,7,3,4,4
11904,0,1,1,-1
11905,2,4,2,-2
11906,6,2,4,4
11907,4,1,3,3
11908,2,6,4,-4
11909,3,11,8,-8
11910,1,2,1,-1
11911,0,5,5,-5
11912,2,7,5,-5
11913,4,2,2,2
11914,2,4,2,-2
11915,1,2,1,-1
11916,1,0,1,1
11917,6,5,1,1
11918,2,3,1,-1
11919,3,4,1,-1
11920,1,3,2,-2
11921,3,7,4,-4
11922,0,9,9,-9
11923,1,5,4,-4
11924,2,5,3,-3
11925,3,2,1,1
11926,1,5,4,-4
11927,6,7,1,-1
11928,4,5,1,-1
11929,1,7,6,-6
11930,3,2,1,1
11931,2,3,1,-1
11932,3,6,3,-3
11933,4,10,6,-6
11934,5,1,4,4
11935,10,3,7,7
11936,1,2,1,-1
11937,6,4,2,2
11938,17,0,17,17
11939,4,5,1,-1
11940,6,1,5,5
11941,2,3,1,-1
11942,6,4,2,2
11943,4,6,2,-2
11944,8,4,4,4
11945,4,0,4,4
11946,3,10,7,-7
11947,6,5,1,1
11948,6,8,2,-2
11949,2,9,7,-7
11950,3,0,3,3
11951,5,4,1,1
11952,3,7,4,-4
11953,4,2,2,2
11954,1,4,3,-3
11955,1,8,7,-7
11956,2,5,3,-3
11957,1,3,2,-2
11958,3,4,1,-1
11959,8,6,2,2
11960,0,1,1,-1
11961,2,6,4,-4
11962,4,2,2,2
11963,0,1,1,-1
11964,11,3,8,8
11965,6,5,1,1
11966,0,1,1,-1
11967,13,2,11,11
11968,2,8,6,-6
11969,4,2,2,2
11970,7,5,2,2
11971,3,4,1,-1
11972,6,3,3,3
11973,1,6,5,-5
11974,2,1,1,1
11975,3,0,3,3
11976,0,7,7,-7
11977,4,10,6,-6
11978,1,9,8,-8
11979,0,4,4,-4
11980,4,5,1,-1
11981,3,2,1,1
11982,0,5,5,-5
11983,1,6,5,-5
11984,2,0,2,2
11985,2,6,4,-4
11986,4,8,4,-4
11987,6,1,5,5
11988,3,2,1,1
11989,4,2,2,2
11990,1,3,2,-2
11991,1,3,2,-2
11992,2,16,14,-14
11993,4,3,1,1
11994,1,9,8,-8
11995,5,2,3,3
11996,0,2,2,-2
11997,3,1,2,2
11998,2,1,1,1
11999,2,3,1,-1
12000,7,2,5,5
12001,8,4,4,4
12002,6,7,1,-1
12003,6,2,4,4
12004,2,3,1,-1
12005,3,7,4,-4
12006,2,3,1,-1
12007,12,3,9,9
12008,5,3,2,2
12009,10,5,5,5
12010,10,1,9,9
12011,4,5,1,-1
12012,3,5,2,-2
12013,1,3,2,-2
12014,4,3,1,1
12015,5,0,5,5
12016,14,5,9,9
12017,3,15,12,-12
12018,3,2,1,1
12019,2,4,2,-2
12020,0,5,5,-5
12021,1,2,1,-1
12022,5,8,3,-3
12023,2,7,5,-5
12024,1,10,9,-9
12025,3,2,1,1
12026,7,3,4,4
12027,6,3,3,3
12028,3,0,3,3
12029,1,3,2,-2
12030,4,2,2,2
12031,7,8,1,-1
12032,1,5,4,-4
12033,3,2,1,1
12034,1,0,1,1
12035,2,3,1,-1
12036,4,8,4,-4
12037,2,1,1,1
12038,3,2,1,1
12039,3,8,5,-5
12040,2,5,3,-3
12041,7,2,5,5
12042,2,5,3,-3
12043,6,8,2,-2
12044,10,5,5,5
12045,10,2,8,8
12046,8,5,3,3
12047,3,8,5,-5
12048,2,1,1,1
12049,0,1,1,-1
12050,2,8,6,-6
12051,7,2,5,5
12052,2,0,2,2
12053,2,0,2,2
12054,6,2,4,4
12055,0,5,5,-5
12056,4,8,4,-4
12057,3,4,1,-1
12058,4,14,10,-10
12059,1,0,1,1
12060,8,0,8,8
12061,5,2,3,3
12062,0,1,1,-1
12063,6,2,4,4
12064,7,1,6,6
12065,3,4,1,-1
12066,3,6,3,-3
12067,5,4,1,1
12068,2,0,2,2
12069,1,2,1,-1
12070,2,10,8,-8
12071,3,2,1,1
12072,3,4,1,-1
12073,1,3,2,-2
12074,2,4,2,-2
12075,0,2,2,-2
12076,3,2,1,1
12077,2,4,2,-2
12078,3,11,8,-8
12079,4,6,2,-2
12080,1,6,5,-5
12081,1,2,1,-1
12082,9,5,4,4
12083,5,4,1,1
12084,1,5,4,-4
12085,0,1,1,-1
12086,2,6,4,-4
12087,1,3,2,-2
12088,5,0,5,5
12089,1,9,8,-8
12090,2,1,1,1
12091,3,4,1,-1
12092,1,11,10,-10
12093,6,3,3,3
12094,2,4,2,-2
12095,5,6,1,-1
12096,1,2,1,-1
12097,7,5,2,2
12098,10,1,9,9
12099,3,5,2,-2
12100,4,6,2,-2
12101,8,9,1,-1
12102,7,4,3,3
12103,0,3,3,-3
12104,3,2,1,1
12105,3,1,2,2
12106,0,1,1,-1
12107,11,4,7,7
12108,3,4,1,-1
12109,6,2,4,4
12110,2,4,2,-2
12111,7,6,1,1
12112,3,1,2,2
12113,4,7,3,-3
12114,6,4,2,2
12115,3,1,2,2
12116,4,5,1,-1
12117,4,1,3,3
12118,0,4,4,-4
12119,15,7,8,8
12120,4,10,6,-6
12121,4,5,1,-1
12122,2,0,2,2
12123,12,3,9,9
12124,1,2,1,-1
12125,4,5,1,-1
12126,2,4,2,-2
12127,2,5,3,-3
12128,6,10,4,-4
12129,5,6,1,-1
12130,1,2,1,-1
12131,1,2,1,-1
12132,4,2,2,2
12133,1,3,2,-2
12134,1,5,4,-4
12135,9,5,4,4
12136,6,4,2,2
12137,2,7,5,-5
12138,0,3,3,-3
12139,1,4,3,-3
12140,4,0,4,4
12141,1,0,1,1
12142,1,0,1,1
12143,1,4,3,-3
12144,5,10,5,-5
12145,5,2,3,3
12146,3,8,5,-5
12147,2,1,1,1
12148,3,9,6,-6
12149,0,1,1,-1
12150,3,0,3,3
12151,0,4,4,-4
12152,0,2,2,-2
12153,1,10,9,-9
12154,6,1,5,5
12155,0,8,8,-8
12156,1,4,3,-3
12157,6,2,4,4
12158,5,4,1,1
12159,2,5,3,-3
12160,3,6,3,-3
12161,2,1,1,1
12162,10,0,10,10
12163,8,0,8,8
12164,3,1,2,2
12165,3,1,2,2
12166,2,0,2,2
12167,6,5,1,1
12168,6,7,1,-1
12169,7,3,4,4
12170,12,2,10,10
12171,5,2,3,3
12172,0,11,11,-11
12173,2,0,2,2
12174,5,7,2,-2
12175,3,4,1,-1
12176,0,10,10,-10
12177,5,3,2,2
12178,0,2,2,-2
12179,5,2,3,3
12180,0,2,2,-2
12181,4,5,1,-1
12182,4,7,3,-3
12183,2,0,2,2
12184,5,4,1,1
12185,2,4,2,-2
12186,1,2,1,-1
12187,1,7,6,-6
12188,5,1,4,4
12189,1,4,3,-3
12190,6,3,3,3
12191,10,1,9,9
12192,2,3,1,-1
12193,6,2,4,4
12194,1,0,1,1
12195,6,3,3,3
12196,4,2,2,2
12197,12,5,7,7
12198,6,0,6,6
12199,8,4,4,4
12200,6,5,1,1
12201,0,12,12,-12
12202,5,1,4,4
12203,3,4,1,-1
12204,3,5,2,-2
12205,4,5,1,-1
12206,1,5,4,-4
12207,9,10,1,-1
12208,6,2,4,4
12209,1,4,3,-3
12210,0,1,1,-1
12211,6,4,2,2
12212,1,7,6,-6
12213,4,5,1,-1
12214,9,6,3,3
12215,8,4,4,4
12216,5,4,1,1
12217,2,6,4,-4
12218,0,6,6,-6
12219,3,5,2,-2
12220,4,1,3,3
12221,9,5,4,4
12222,2,0,2,2
12223,0,6,6,-6
12224,2,3,1,-1
12225,2,10,8,-8
12226,9,2,7,7
12227,10,7,3,3
12228,2,6,4,-4
12229,8,5,3,3
12230,4,14,10,-10
12231,8,7,1,1
12232,6,4,2,2
12233,7,4,3,3
12234,4,3,1,1
12235,7,5,2,2
12236,6,5,1,1
12237,8,5,3,3
12238,10,2,8,8
12239,4,3,1,1
12240,4,6,2,-2
12241,6,5,1,1
12242,4,9,5,-5
12243,8,1,7,7
12244,12,3,9,9
12245,6,3,3,3
12246,2,1,1,1
12247,2,3,1,-1
12248,6,7,1,-1
12249,5,6,1,-1
12250,0,2,2,-2
12251,4,5,1,-1
12252,8,4,4,4
12253,2,0,2,2
12254,5,4,1,1
12255,3,4,1,-1
12256,7,8,1,-1
12257,4,1,3,3
12258,4,0,4,4
12259,2,8,6,-6
12260,3,2,1,1
12261,8,2,6,6
12262,3,2,1,1
12263,5,6,1,-1
12264,5,6,1,-1
12265,2,0,2,2
12266,1,5,4,-4
12267,4,1,3,3
12268,5,7,2,-2
12269,10,5,5,5
12270,2,4,2,-2
12271,1,6,5,-5
12272,1,3,2,-2
12273,10,2,8,8
12274,7,12,5,-5
12275,6,2,4,4
12276,0,5,5,-5
12277,2,5,3,-3
12278,1,6,5,-5
12279,1,0,1,1
12280,2,3,1,-1
12281,4,2,2,2
12282,2,4,2,-2
12283,5,8,3,-3
12284,4,2,2,2
12285,5,7,2,-2
12286,7,6,1,1
12287,0,4,4,-4
12288,2,5,3,-3
12289,2,3,1,-1
12290,1,2,1,-1
12291,6,3,3,3
12292,4,6,2,-2
12293,2,3,1,-1
12294,3,1,2,2
12295,5,4,1,1
12296,8,7,1,1
12297,5,4,1,1
12298,3,7,4,-4
12299,1,4,3,-3
12300,3,6,3,-3
12301,9,0,9,9
12302,1,6,5,-5
12303,2,7,5,-5
12304,4,1,3,3
12305,12,3,9,9
12306,0,4,4,-4
12307,5,0,5,5
12308,4,2,2,2
12309,1,3,2,-2
12310,9,0,9,9
12311,5,6,1,-1
12312,6,7,1,-1
12313,3,6,3,-3
12314,4,5,1,-1
12315,2,6,4,-4
12316,1,4,3,-3
12317,2,5,3,-3
12318,5,3,2,2
12319,8,3,5,5
12320,1,9,8,-8
12321,3,4,1,-1
12322,2,4,2,-2
12323,2,7,5,-5
12324,10,11,1,-1
12325,5,3,2,2
12326,5,2,3,3
12327,5,2,3,3
12328,0,7,7,-7
12329,6,7,1,-1
12330,2,5,3,-3
12331,5,1,4,4
12332,1,2,1,-1
12333,1,4,3,-3
12334,6,3,3,3
12335,1,7,6,-6
12336,3,4,1,-1
12337,1,2,1,-1
12338,1,7,6,-6
12339,7,5,2,2
12340,14,3,11,11
12341,6,1,5,5
12342,5,2,3,3
12343,1,14,13,-13
12344,6,2,4,4
12345,5,2,3,3
12346,5,6,1,-1
12347,6,3,3,3
12348,1,0,1,1
12349,6,13,7,-7
12350,7,1,6,6
12351,7,6,1,1
12352,16,10,6,6
12353,1,7,6,-6
12354,3,7,4,-4
12355,9,8,1,1
12356,2,6,4,-4
12357,1,2,1,-1
12358,9,2,7,7
12359,0,6,6,-6
12360,13,4,9,9
12361,3,0,3,3
12362,2,3,1,-1
12363,5,7,2,-2
12364,2,4,2,-2
12365,5,8,3,-3
12366,4,5,1,-1
12367,2,1,1,1
12368,2,3,1,-1
12369,6,1,5,5
12370,3,4,1,-1
12371,2,3,1,-1
12372,7,5,2,2
12373,0,2,2,-2
12374,3,2,1,1
12375,2,1,1,1
12376,1,2,1,-1
12377,6,7,1,-1
12378,1,2,1,-1
12379,2,4,2,-2
12380,3,6,3,-3
12381,9,1,8,8
12382,4,5,1,-1
12383,2,3,1,-1
12384,4,1,3,3
12385,2,3,1,-1
12386,7,5,2,2
12387,2,3,1,-1
12388,13,1,12,12
12389,1,6,5,-5
12390,5,4,1,1
12391,0,2,2,-2
12392,3,12,9,-9
12393,4,1,3,3
12394,7,3,4,4
12395,4,6,2,-2
12396,2,3,1,-1
12397,3,0,3,3
12398,0,1,1,-1
12399,3,0,3,3
12400,1,4,3,-3
12401,4,5,1,-1
12402,1,4,3,-3
12403,8,2,6,6
12404,9,3,6,6
12405,8,5,3,3
12406,2,4,2,-2
12407,2,1,1,1
12408,5,4,1,1
12409,0,8,8,-8
12410,5,3,2,2
12411,5,2,3,3
12412,11,8,3,3
12413,5,4,1,1
12414,7,18,11,-11
12415,3,5,2,-2
12416,6,8,2,-2
12417,4,6,2,-2
12418,7,6,1,1
12419,4,2,2,2
12420,1,5,4,-4
12421,8,0,8,8
12422,5,2,3,3
12423,2,6,4,-4
12424,3,6,3,-3
12425,4,5,1,-1
12426,1,3,2,-2
12427,5,6,1,-1
12428,6,2,4,4
12429,5,4,1,1
12430,1,4,3,-3
12431,3,1,2,2
12432,5,4,1,1
12433,4,8,4,-4
12434,0,4,4,-4
12435,6,9,3,-3
12436,3,8,5,-5
12437,3,1,2,2
12438,9,4,5,5
12439,4,1,3,3
12440,11,8,3,3
12441,11,5,6,6
12442,2,3,1,-1
12443,2,4,2,-2
12444,2,6,4,-4
12445,2,1,1,1
12446,5,12,7,-7
12447,13,12,1,1
12448,2,6,4,-4
12449,2,4,2,-2
12450,2,1,1,1
12451,3,4,1,-1
12452,14,3,11,11
12453,5,11,6,-6
12454,2,8,6,-6
12455,1,4,3,-3
12456,5,7,2,-2
12457,10,7,3,3
12458,3,2,1,1
12459,6,3,3,3
12460,5,2,3,3
12461,1,9,8,-8
12462,13,4,9,9
12463,8,1,7,7
12464,8,3,5,5
12465,3,7,4,-4
12466,3,7,4,-4
12467,7,2,5,5
12468,2,5,3,-3
12469,5,1,4,4
12470,2,3,1,-1
12471,1,8,7,-7
12472,2,12,10,-10
12473,6,5,1,1
12474,5,1,4,4
12475,8,2,6,6
12476,3,9,6,-6
12477,2,0,2,2
12478,3,2,1,1
12479,4,9,5,-5
12480,3,4,1,-1
12481,1,4,3,-3
12482,0,1,1,-1
12483,7,5,2,2
12484,3,4,1,-1
12485,0,1,1,-1
12486,0,8,8,-8
12487,3,4,1,-1
12488,0,4,4,-4
12489,3,14,11,-11
12490,2,3,1,-1
12491,1,2,1,-1
12492,0,4,4,-4
12493,4,2,2,2
12494,11,4,7,7
12495,4,11,7,-7
12496,2,1,1,1
12497,3,5,2,-2
12498,7,8,1,-1
12499,8,4,4,4
12500,6,1,5,5
12501,4,6,2,-2
12502,0,7,7,-7
12503,1,0,1,1
12504,2,4,2,-2
12505,4,5,1,-1
12506,1,2,1,-1
12507,2,4,2,-2
12508,8,5,3,3
12509,7,10,3,-3
12510,6,7,1,-1
12511,6,4,2,2
12512,3,13,10,-10
12513,7,1,6,6
12514,0,5,5,-5
12515,5,3,2,2
12516,0,1,1,-1
12517,6,2,4,4
12518,1,0,1,1
12519,6,8,2,-2
12520,0,5,5,-5
12521,2,3,1,-1
12522,3,2,1,1
12523,5,1,4,4
12524,2,1,1,1
12525,7,8,1,-1
12526,1,3,2,-2
12527,5,2,3,3
12528,3,4,1,-1
12529,0,2,2,-2
12530,9,10,1,-1
12531,4,6,2,-2
12532,4,5,1,-1
12533,0,2,2,-2
12534,2,5,3,-3
12535,7,1,6,6
12536,3,5,2,-2
12537,2,1,1,1
12538,6,3,3,3
12539,0,9,9,-9
12540,8,2,6,6
12541,2,3,1,-1
12542,7,1,6,6
12543,0,6,6,-6
12544,4,7,3,-3
12545,2,1,1,1
12546,3,4,1,-1
12547,5,3,2,2
12548,6,7,1,-1
12549,11,3,8,8
12550,10,3,7,7
12551,0,13,13,-13
12552,1,5,4,-4
12553,5,7,2,-2
12554,13,7,6,6
12555,5,1,4,4
12556,3,6,3,-3
12557,1,5,4,-4
12558,3,0,3,3
12559,9,1,8,8
12560,6,5,1,1
12561,5,7,2,-2
12562,3,2,1,1
12563,4,1,3,3
12564,4,7,3,-3
12565,5,6,1,-1
12566,3,4,1,-1
12567,5,4,1,1
12568,0,11,11,-11
12569,14,4,10,10
12570,2,7,5,-5
12571,7,2,5,5
12572,1,5,4,-4
12573,0,2,2,-2
12574,9,3,6,6
12575,5,6,1,-1
12576,4,5,1,-1
12577,3,4,1,-1
12578,2,8,6,-6
12579,0,7,7,-7
12580,6,5,1,1
12581,2,1,1,1
12582,7,6,1,1
12583,1,3,2,-2
12584,8,5,3,3
12585,0,6,6,-6
12586,2,9,7,-7
12587,6,5,1,1
12588,10,4,6,6
12589,2,8,6,-6
12590,7,4,3,3
12591,6,2,4,4
12592,6,2,4,4
12593,2,7,5,-5
12594,2,7,5,-5
12595,1,7,6,-6
12596,6,4,2,2
12597,4,12,8,-8
12598,3,2,1,1
12599,5,7,2,-2
12600,6,2,4,4
12601,6,8,2,-2
12602,1,3,2,-2
12603,3,4,1,-1
12604,2,8,6,-6
12605,2,1,1,1
12606,2,6,4,-4
12607,3,4,1,-1
12608,2,1,1,1
12609,6,3,3,3
12610,1,2,1,-1
12611,9,5,4,4
12612,2,3,1,-1
12613,7,4,3,3
12614,3,4,1,-1
12615,2,3,1,-1
12616,4,5,1,-1
12617,2,5,3,-3
12618,5,4,1,1
12619,11,5,6,6
12620,2,8,6,-6
12621,11,1,10,10
12622,3,4,1,-1
12623,2,1,1,1
12624,3,5,2,-2
12625,7,10,3,-3
12626,4,3,1,1
12627,2,5,3,-3
12628,10,2,8,8
12629,8,3,5,5
12630,1,2,1,-1
12631,8,1,7,7
12632,2,9,7,-7
12633,4,11,7,-7
12634,2,4,2,-2
12635,7,6,1,1
12636,6,14,8,-8
12637,1,6,5,-5
12638,3,4,1,-1
12639,1,11,10,-10
12640,4,2,2,2
12641,7,2,5,5
12642,1,2,1,-1
12643,1,6,5,-5
12644,0,2,2,-2
12645,6,2,4,4
12646,3,4,1,-1
12647,2,0,2,2
12648,4,2,2,2
12649,2,3,1,-1
12650,2,5,3,-3
12651,9,6,3,3
12652,1,2,1,-1
12653,1,5,4,-4
12654,5,4,1,1
12655,4,2,2,2
12656,2,3,1,-1
12657,2,1,1,1
12658,1,13,12,-12
12659,4,6,2,-2
12660,2,1,1,1
12661,1,6,5,-5
12662,6,3,3,3
12663,5,6,1,-1
12664,3,4,1,-1
12665,5,4,1,1
12666,2,4,2,-2
12667,3,8,5,-5
12668,3,1,2,2
12669,4,8,4,-4
12670,1,12,11,-11
12671,2,3,1,-1
12672,7,6,1,1
12673,1,2,1,-1
12674,8,3,5,5
12675,10,11,1,-1
12676,10,2,8,8
12677,4,6,2,-2
12678,5,3,2,2
12679,7,0,7,7
12680,3,4,1,-1
12681,10,0,10,10
12682,10,4,6,6
12683,6,1,5,5
12684,5,6,1,-1
12685,5,1,4,4
12686,4,6,2,-2
12687,4,3,1,1
12688,4,2,2,2
12689,10,8,2,2
12690,1,4,3,-3
12691,11,2,9,9
12692,7,1,6,6
12693,5,3,2,2
12694,1,14,13,-13
12695,5,7,2,-2
12696,4,1,3,3
12697,4,3,1,1
12698,0,3,3,-3
12699,2,4,2,-2
12700,0,6,6,-6
12701,11,3,8,8
12702,7,3,4,4
12703,0,5,5,-5
12704,1,5,4,-4
12705,3,0,3,3
12706,9,8,1,1
12707,0,1,1,-1
12708,6,0,6,6
12709,1,5,4,-4
12710,0,6,6,-6
12711,10,5,5,5
12712,1,2,1,-1
12713,1,2,1,-1
12714,3,2,1,1
12715,2,1,1,1
12716,6,10,4,-4
12717,4,3,1,1
12718,3,2,1,1
12719,1,2,1,-1
12720,4,9,5,-5
12721,3,4,1,-1
12722,3,1,2,2
12723,8,1,7,7
12724,4,6,2,-2
12725,0,3,3,-3
12726,3,2,1,1
12727,5,3,2,2
12728,5,6,1,-1
12729,4,2,2,2
12730,10,2,8,8
12731,8,5,3,3
12732,3,4,1,-1
12733,0,2,2,-2
12734,6,8,2,-2
12735,4,2,2,2
12736,2,1,1,1
12737,4,3,1,1
12738,2,5,3,-3
12739,1,6,5,-5
12740,1,7,6,-6
12741,4,3,1,1
12742,1,2,1,-1
12743,4,2,2,2
12744,6,1,5,5
12745,9,0,9,9
12746,4,3,1,1
12747,3,2,1,1
12748,0,4,4,-4
12749,2,3,1,-1
12750,4,5,1,-1
12751,3,1,2,2
12752,5,2,3,3
12753,5,6,1,-1
12754,0,3,3,-3
12755,4,8,4,-4
12756,1,10,9,-9
12757,3,7,4,-4
12758,7,6,1,1
12759,0,5,5,-5
12760,3,0,3,3
12761,0,4,4,-4
12762,12,5,7,7
12763,2,3,1,-1
12764,3,7,4,-4
12765,2,6,4,-4
12766,0,5,5,-5
12767,10,9,1,1
12768,2,5,3,-3
12769,4,3,1,1
12770,4,5,1,-1
12771,11,0,11,11
12772,11,8,3,3
12773,1,2,1,-1
12774,8,5,3,3
12775,1,4,3,-3
12776,1,2,1,-1
12777,3,8,5,-5
12778,4,3,1,1
12779,1,2,1,-1
12780,3,2,1,1
12781,2,3,1,-1
12782,15,4,11,11
12783,5,0,5,5
12784,3,2,1,1
12785,9,6,3,3
12786,2,3,1,-1
12787,10,8,2,2
12788,3,5,2,-2
12789,0,2,2,-2
12790,0,1,1,-1
12791,2,8,6,-6
12792,8,1,7,7
12793,1,6,5,-5
12794,8,1,7,7
12795,2,5,3,-3
12796,10,8,2,2
12797,6,1,5,5
12798,5,2,3,3
12799,7,2,5,5
12800,2,8,6,-6
12801,3,4,1,-1
12802,1,2,1,-1
12803,2,11,9,-9
12804,11,3,8,8
12805,2,5,3,-3
12806,1,9,8,-8
12807,1,4,3,-3
12808,3,4,1,-1
12809,3,4,1,-1
12810,10,8,2,2
12811,2,7,5,-5
12812,1,14,13,-13
12813,0,4,4,-4
12814,4,1,3,3
12815,0,6,6,-6
12816,2,1,1,1
12817,5,4,1,1
12818,3,6,3,-3
12819,8,4,4,4
12820,3,6,3,-3
12821,2,4,2,-2
12822,2,3,1,-1
12823,4,0,4,4
12824,4,1,3,3
12825,4,3,1,1
12826,1,2,1,-1
12827,1,5,4,-4
12828,1,0,1,1
12829,7,6,1,1
12830,9,10,1,-1
12831,2,3,1,-1
12832,1,2,1,-1
12833,0,8,8,-8
12834,6,3,3,3
12835,4,5,1,-1
12836,1,5,4,-4
12837,4,6,2,-2
12838,5,4,1,1
12839,4,5,1,-1
12840,3,12,9,-9
12841,4,6,2,-2
12842,2,4,2,-2
12843,3,2,1,1
12844,3,0,3,3
12845,5,3,2,2
12846,3,0,3,3
12847,6,4,2,2
12848,3,2,1,1
12849,3,1,2,2
12850,0,7,7,-7
12851,2,5,3,-3
12852,3,4,1,-1
12853,2,12,10,-10
12854,3,2,1,1
12855,3,6,3,-3
12856,4,5,1,-1
12857,5,3,2,2
12858,5,1,4,4
12859,11,5,6,6
12860,0,7,7,-7
12861,0,2,2,-2
12862,1,2,1,-1
12863,6,3,3,3
12864,6,4,2,2
12865,2,6,4,-4
12866,1,2,1,-1
12867,4,7,3,-3
12868,8,4,4,4
12869,2,5,3,-3
12870,7,5,2,2
12871,4,3,1,1
12872,4,1,3,3
12873,2,6,4,-4
12874,2,4,2,-2
12875,0,3,3,-3
12876,6,8,2,-2
12877,3,0,3,3
12878,0,3,3,-3
12879,2,3,1,-1
12880,5,3,2,2
12881,4,3,1,1
12882,0,8,8,-8
12883,5,8,3,-3
12884,7,3,4,4
12885,9,5,4,4
12886,5,2,3,3
12887,5,2,3,3
12888,8,0,8,8
12889,5,1,4,4
12890,2,4,2,-2
12891,9,5,4,4
12892,6,0,6,6
12893,5,6,1,-1
12894,0,3,3,-3
12895,6,3,3,3
12896,3,4,1,-1
12897,1,2,1,-1
12898,2,8,6,-6
12899,6,7,1,-1
12900,3,4,1,-1
12901,4,1,3,3
12902,1,7,6,-6
12903,7,5,2,2
12904,1,3,2,-2
12905,3,7,4,-4
12906,2,5,3,-3
12907,7,2,5,5
12908,8,1,7,7
12909,11,4,7,7
12910,5,1,4,4
12911,7,0,7,7
12912,4,3,1,1
12913,1,0,1,1
12914,6,1,5,5
12915,0,1,1,-1
12916,5,3,2,2
12917,4,6,2,-2
12918,2,1,1,1
12919,5,3,2,2
12920,2,15,13,-13
12921,6,7,1,-1
12922,3,6,3,-3
12923,9,8,1,1
12924,2,5,3,-3
12925,4,5,1,-1
12926,2,7,5,-5
12927,7,4,3,3
12928,0,1,1,-1
12929,0,2,2,-2
12930,7,3,4,4
12931,6,5,1,1
12932,3,6,3,-3
12933,2,0,2,2
12934,6,1,5,5
12935,1,3,2,-2
12936,2,4,2,-2
12937,3,1,2,2
12938,9,2,7,7
12939,8,9,1,-1
12940,6,7,1,-1
12941,3,7,4,-4
12942,4,5,1,-1
12943,3,7,4,-4
12944,5,2,3,3
12945,4,7,3,-3
12946,8,0,8,8
12947,8,4,4,4
12948,7,5,2,2
12949,3,2,1,1
12950,6,2,4,4
12951,2,1,1,1
12952,1,2,1,-1
12953,6,2,4,4
12954,7,1,6,6
12955,6,4,2,2
12956,2,1,1,1
12957,2,4,2,-2
12958,3,4,1,-1
12959,5,2,3,3
12960,4,0,4,4
12961,10,5,5,5
12962,7,8,1,-1
12963,1,0,1,1
12964,2,6,4,-4
12965,2,7,5,-5
12966,10,8,2,2
12967,6,2,4,4
12968,6,2,4,4
12969,2,1,1,1
12970,5,4,1,1
12971,5,7,2,-2
12972,2,4,2,-2
12973,7,1,6,6
12974,1,2,1,-1
12975,4,2,2,2
12976,4,2,2,2
12977,2,8,6,-6
12978,1,2,1,-1
12979,2,7,5,-5
12980,1,2,1,-1
12981,4,5,1,-1
12982,9,7,2,2
12983,5,10,5,-5
12984,0,2,2,-2
12985,7,5,2,2
12986,4,2,2,2
12987,4,7,3,-3
12988,6,4,2,2
12989,7,3,4,4
12990,3,4,1,-1
12991,0,2,2,-2
12992,2,6,4,-4
12993,3,1,2,2
12994,6,7,1,-1
12995,6,3,3,3
12996,3,0,3,3
12997,0,4,4,-4
12998,3,2,1,1
12999,4,2,2,2
13000,4,6,2,-2
13001,6,3,3,3
13002,1,3,2,-2
13003,3,1,2,2
13004,3,11,8,-8
13005,5,3,2,2
13006,4,6,2,-2
13007,3,11,8,-8
13008,3,9,6,-6
13009,2,0,2,2
13010,0,1,1,-1
13011,2,4,2,-2
13012,3,2,1,1
13013,0,6,6,-6
13014,2,0,2,2
13015,1,6,5,-5
13016,2,1,1,1
13017,8,2,6,6
13018,3,4,1,-1
13019,5,6,1,-1
13020,2,11,9,-9
13021,3,4,1,-1
13022,1,3,2,-2
13023,5,0,5,5
13024,4,1,3,3
13025,2,5,3,-3
13026,1,4,3,-3
13027,9,3,6,6
13028,12,3,9,9
13029,7,2,5,5
13030,5,4,1,1
13031,4,5,1,-1
13032,2,4,2,-2
13033,2,7,5,-5
13034,1,4,3,-3
13035,2,5,3,-3
13036,4,2,2,2
13037,6,7,1,-1
13038,8,5,3,3
13039,0,2,2,-2
13040,5,6,1,-1
13041,0,6,6,-6
13042,0,7,7,-7
13043,6,2,4,4
13044,6,4,2,2
13045,3,6,3,-3
13046,0,6,6,-6
13047,5,6,1,-1
13048,4,5,1,-1
13049,4,5,1,-1
13050,3,11,8,-8
13051,13,10,3,3
13052,0,4,4,-4
13053,0,10,10,-10
13054,5,7,2,-2
13055,2,6,4,-4
13056,5,4,1,1
13057,1,5,4,-4
13058,4,8,4,-4
13059,3,5,2,-2
13060,0,1,1,-1
13061,4,3,1,1
13062,1,0,1,1
13063,0,4,4,-4
13064,0,1,1,-1
13065,4,9,5,-5
13066,5,4,1,1
13067,5,4,1,1
13068,8,1,7,7
13069,4,5,1,-1
13070,7,11,4,-4
13071,3,4,1,-1
13072,1,4,3,-3
13073,7,2,5,5
13074,5,3,2,2
13075,3,4,1,-1
13076,1,2,1,-1
13077,4,2,2,2
13078,2,3,1,-1
13079,8,1,7,7
13080,5,3,2,2
13081,13,5,8,8
13082,1,8,7,-7
13083,0,13,13,-13
13084,1,2,1,-1
13085,4,3,1,1
13086,1,2,1,-1
13087,4,1,3,3
13088,4,0,4,4
13089,8,10,2,-2
13090,0,1,1,-1
13091,4,2,2,2
13092,4,0,4,4
13093,7,3,4,4
13094,0,4,4,-4
13095,4,2,2,2
13096,0,6,6,-6
13097,3,6,3,-3
13098,1,6,5,-5
13099,1,4,3,-3
13100,1,2,1,-1
13101,8,5,3,3
13102,3,4,1,-1
13103,0,11,11,-11
13104,9,1,8,8
13105,5,1,4,4
13106,2,3,1,-1
13107,1,4,3,-3
13108,3,19,16,-16
13109,4,9,5,-5
13110,5,2,3,3
13111,5,8,3,-3
13112,16,4,12,12
13113,2,3,1,-1
13114,6,0,6,6
13115,2,12,10,-10
13116,7,2,5,5
13117,2,3,1,-1
13118,0,3,3,-3
13119,6,5,1,1
13120,2,6,4,-4
13121,2,3,1,-1
13122,3,2,1,1
13123,17,0,17,17
13124,2,10,8,-8
13125,1,3,2,-2
13126,1,2,1,-1
13127,2,16,14,-14
13128,0,2,2,-2
13129,0,8,8,-8
13130,2,3,1,-1
13131,2,5,3,-3
13132,4,8,4,-4
13133,8,4,4,4
13134,5,3,2,2
13135,6,4,2,2
13136,5,0,5,5
13137,3,2,1,1
13138,3,4,1,-1
13139,2,3,1,-1
13140,1,2,1,-1
13141,4,9,5,-5
13142,3,1,2,2
13143,7,0,7,7
13144,1,7,6,-6
13145,7,1,6,6
13146,5,2,3,3
13147,8,4,4,4
13148,0,1,1,-1
13149,1,2,1,-1
13150,5,3,2,2
13151,2,1,1,1
13152,4,1,3,3
13153,7,3,4,4
13154,2,7,5,-5
13155,2,7,5,-5
13156,12,7,5,5
13157,2,5,3,-3
13158,4,5,1,-1
13159,2,4,2,-2
13160,1,2,1,-1
13161,0,5,5,-5
13162,9,5,4,4
13163,9,5,4,4
13164,12,4,8,8
13165,1,4,3,-3
13166,2,3,1,-1
13167,4,1,3,3
13168,4,7,3,-3
13169,4,1,3,3
13170,3,14,11,-11
13171,1,4,3,-3
13172,3,6,3,-3
13173,5,3,2,2
13174,8,1,7,7
13175,4,6,2,-2
13176,5,0,5,5
13177,1,5,4,-4
13178,6,2,4,4
13179,10,1,9,9
13180,0,6,6,-6
13181,2,3,1,-1
13182,0,1,1,-1
13183,13,2,11,11
13184,8,0,8,8
13185,12,4,8,8
13186,2,3,1,-1
13187,6,2,4,4
13188,13,9,4,4
13189,2,7,5,-5
13190,0,1,1,-1
13191,2,5,3,-3
13192,4,10,6,-6
13193,2,10,8,-8
13194,2,9,7,-7
13195,2,9,7,-7
13196,3,4,1,-1
13197,8,5,3,3
13198,2,13,11,-11
13199,11,8,3,3
13200,4,1,3,3
13201,8,5,3,3
13202,2,4,2,-2
13203,13,3,10,10
13204,6,4,2,2
13205,7,3,4,4
13206,6,2,4,4
13207,11,6,5,5
13208,0,7,7,-7
13209,3,4,1,-1
13210,8,6,2,2
13211,0,1,1,-1
13212,5,10,5,-5
13213,4,3,1,1
13214,2,3,1,-1
13215,6,7,1,-1
13216,3,2,1,1
13217,1,3,2,-2
13218,1,2,1,-1
13219,1,5,4,-4
13220,2,8,6,-6
13221,1,6,5,-5
13222,2,10,8,-8
13223,8,2,6,6
13224,1,0,1,1
13225,8,2,6,6
13226,5,2,3,3
13227,8,7,1,1
13228,6,1,5,5
13229,1,4,3,-3
13230,5,2,3,3
13231,0,6,6,-6
13232,1,2,1,-1
13233,8,6,2,2
13234,8,7,1,1
13235,0,4,4,-4
13236,6,3,3,3
13237,4,0,4,4
13238,4,6,2,-2
13239,5,1,4,4
13240,2,0,2,2
13241,5,4,1,1
13242,8,13,5,-5
13243,0,7,7,-7
13244,3,1,2,2
13245,3,4,1,-1
13246,4,5,1,-1
13247,3,2,1,1
13248,5,2,3,3
13249,4,3,1,1
13250,2,12,10,-10
13251,7,1,6,6
13252,4,10,6,-6
13253,1,2,1,-1
13254,5,2,3,3
13255,2,3,1,-1
13256,2,4,2,-2
13257,8,6,2,2
13258,2,3,1,-1
13259,2,4,2,-2
13260,9,6,3,3
13261,3,2,1,1
13262,1,4,3,-3
13263,4,0,4,4
13264,2,3,1,-1
13265,5,2,3,3
13266,1,2,1,-1
13267,4,8,4,-4
13268,2,7,5,-5
13269,5,7,2,-2
13270,1,8,7,-7
13271,2,3,1,-1
13272,0,4,4,-4
13273,0,8,8,-8
13274,4,5,1,-1
13275,1,3,2,-2
13276,5,3,2,2
13277,5,3,2,2
13278,2,3,1,-1
13279,2,0,2,2
13280,3,5,2,-2
13281,2,7,5,-5
13282,3,2,1,1
13283,5,8,3,-3
13284,2,1,1,1
13285,6,4,2,2
13286,3,6,3,-3
13287,1,4,3,-3
13288,1,4,3,-3
13289,8,1,7,7
13290,1,6,5,-5
13291,1,7,6,-6
13292,7,1,6,6
13293,3,1,2,2
13294,6,10,4,-4
13295,7,11,4,-4
13296,7,4,3,3
13297,1,2,1,-1
13298,8,6,2,2
13299,5,4,1,1
13300,0,4,4,-4
13301,2,1,1,1
13302,6,2,4,4
13303,4,3,1,1
13304,6,4,2,2
13305,6,1,5,5
13306,8,5,3,3
13307,3,5,2,-2
13308,1,0,1,1
13309,4,3,1,1
13310,5,0,5,5
13311,2,1,1,1
13312,3,1,2,2
13313,2,4,2,-2
13314,9,3,6,6
13315,5,6,1,-1
13316,1,4,3,-3
13317,8,1,7,7
13318,2,11,9,-9
13319,4,3,1,1
13320,1,4,3,-3
13321,1,2,1,-1
13322,5,6,1,-1
13323,2,0,2,2
13324,9,5,4,4
13325,7,0,7,7
13326,7,1,6,6
13327,2,0,2,2
13328,8,4,4,4
13329,2,0,2,2
13330,0,4,4,-4
13331,5,4,1,1
13332,12,6,6,6
13333,1,8,7,-7
13334,1,2,1,-1
13335,4,5,1,-1
13336,6,1,5,5
13337,8,7,1,1
13338,5,3,2,2
13339,12,8,4,4
13340,0,1,1,-1
13341,6,8,2,-2
13342,2,3,1,-1
13343,5,7,2,-2
13344,9,5,4,4
13345,8,2,6,6
13346,3,4,1,-1
13347,1,2,1,-1
13348,2,1,1,1
13349,12,1,11,11
13350,2,1,1,1
13351,5,2,3,3
13352,2,1,1,1
13353,1,2,1,-1
13354,1,6,5,-5
13355,2,3,1,-1
13356,3,8,5,-5
13357,5,3,2,2
13358,2,3,1,-1
13359,0,2,2,-2
13360,13,0,13,13
13361,3,7,4,-4
13362,5,9,4,-4
13363,2,7,5,-5
13364,7,3,4,4
13365,3,4,1,-1
13366,0,1,1,-1
13367,1,2,1,-1
13368,3,9,6,-6
13369,4,5,1,-1
13370,9,1,8,8
13371,10,5,5,5
13372,2,3,1,-1
13373,8,1,7,7
13374,2,1,1,1
13375,12,6,6,6
13376,6,4,2,2
13377,4,0,4,4
13378,0,2,2,-2
13379,6,1,5,5
13380,8,0,8,8
13381,3,5,2,-2
13382,1,3,2,-2
13383,1,3,2,-2
13384,2,4,2,-2
13385,9,4,5,5
13386,2,4,2,-2
13387,12,5,7,7
13388,6,0,6,6
13389,7,10,3,-3
13390,5,3,2,2
13391,1,2,1,-1
13392,3,0,3,3
13393,3,2,1,1
13394,3,4,1,-1
13395,2,1,1,1
13396,0,2,2,-2
13397,5,9,4,-4
13398,1,7,6,-6
13399,3,8,5,-5
13400,4,3,1,1
13401,6,7,1,-1
13402,4,2,2,2
13403,4,7,3,-3
13404,3,5,2,-2
13405,10,2,8,8
13406,7,2,5,5
13407,4,3,1,1
13408,2,3,1,-1
13409,0,3,3,-3
13410,5,0,5,5
13411,3,6,3,-3
13412,6,7,1,-1
13413,2,4,2,-2
13414,7,9,2,-2
13415,3,5,2,-2
13416,4,5,1,-1
13417,5,4,1,1
13418,7,4,3,3
13419,6,5,1,1
13420,3,2,1,1
13421,0,5,5,-5
13422,5,6,1,-1
13423,2,5,3,-3
13424,4,1,3,3
13425,0,2,2,-2
13426,1,3,2,-2
13427,3,8,5,-5
13428,4,2,2,2
13429,2,6,4,-4
13430,2,7,5,-5
13431,3,5,2,-2
13432,0,6,6,-6
13433,0,2,2,-2
13434,4,1,3,3
13435,2,3,1,-1
13436,5,1,4,4
13437,1,5,4,-4
13438,0,3,3,-3
13439,6,8,2,-2
13440,7,3,4,4
13441,1,3,2,-2
13442,3,4,1,-1
13443,1,0,1,1
13444,3,5,2,-2
13445,2,3,1,-1
13446,1,0,1,1
13447,2,4,2,-2
13448,2,5,3,-3
13449,2,15,13,-13
13450,7,4,3,3
13451,3,5,2,-2
13452,5,4,1,1
13453,6,2,4,4
13454,5,9,4,-4
13455,0,5,5,-5
13456,0,3,3,-3
13457,6,5,1,1
13458,5,1,4,4
13459,2,3,1,-1
13460,7,1,6,6
13461,3,14,11,-11
13462,2,4,2,-2
13463,5,6,1,-1
13464,5,8,3,-3
13465,3,2,1,1
13466,8,6,2,2
13467,2,0,2,2
13468,10,11,1,-1
13469,1,7,6,-6
13470,10,3,7,7
13471,3,4,1,-1
13472,2,1,1,1
13473,1,3,2,-2
13474,3,11,8,-8
13475,3,4,1,-1
13476,1,8,7,-7
13477,3,5,2,-2
13478,5,6,1,-1
13479,2,4,2,-2
13480,0,1,1,-1
13481,4,2,2,2
13482,0,2,2,-2
13483,3,7,4,-4
13484,2,3,1,-1
13485,3,4,1,-1
13486,5,0,5,5
13487,2,6,4,-4
13488,6,5,1,1
13489,2,4,2,-2
13490,1,6,5,-5
13491,1,4,3,-3
13492,3,6,3,-3
13493,2,4,2,-2
13494,2,3,1,-1
13495,3,5,2,-2
13496,0,3,3,-3
13497,7,6,1,1
13498,3,0,3,3
13499,7,6,1,1
13500,4,3,1,1
13501,2,3,1,-1
13502,3,2,1,1
13503,8,4,4,4
13504,4,0,4,4
13505,9,4,5,5
13506,5,8,3,-3
13507,1,3,2,-2
13508,4,5,1,-1
13509,2,12,10,-10
13510,4,2,2,2
13511,4,1,3,3
13512,9,3,6,6
13513,0,10,10,-10
13514,1,2,1,-1
13515,1,14,13,-13
13516,0,4,4,-4
13517,2,1,1,1
13518,4,1,3,3
13519,5,3,2,2
13520,1,6,5,-5
13521,7,8,1,-1
13522,3,1,2,2
13523,5,0,5,5
13524,1,11,10,-10
13525,3,7,4,-4
13526,4,5,1,-1
13527,10,7,3,3
13528,1,3,2,-2
13529,5,7,2,-2
13530,4,5,1,-1
13531,7,8,1,-1
13532,3,5,2,-2
13533,2,4,2,-2
13534,2,7,5,-5
13535,0,7,7,-7
13536,8,5,3,3
13537,11,9,2,2
13538,3,8,5,-5
13539,1,3,2,-2
13540,2,3,1,-1
13541,7,1,6,6
13542,3,0,3,3
13543,3,4,1,-1
13544,5,4,1,1
13545,9,0,9,9
13546,1,8,7,-7
13547,1,0,1,1
13548,9,3,6,6
13549,7,2,5,5
13550,2,5,3,-3
13551,3,2,1,1
13552,4,9,5,-5
13553,2,4,2,-2
13554,1,5,4,-4
13555,3,4,1,-1
13556,3,4,1,-1
13557,5,3,2,2
13558,3,1,2,2
13559,1,9,8,-8
13560,6,5,1,1
13561,10,8,2,2
13562,7,5,2,2
13563,4,5,1,-1
13564,7,1,6,6
13565,3,4,1,-1
13566,3,0,3,3
13567,8,1,7,7
13568,3,2,1,1
13569,4,5,1,-1
13570,3,9,6,-6
13571,5,2,3,3
13572,3,8,5,-5
13573,3,0,3,3
13574,3,7,4,-4
13575,4,0,4,4
13576,3,4,1,-1
13577,4,2,2,2
13578,1,2,1,-1
13579,6,0,6,6
13580,4,0,4,4
13581,1,10,9,-9
13582,2,5,3,-3
13583,1,3,2,-2
13584,2,1,1,1
13585,5,3,2,2
13586,5,6,1,-1
13587,7,2,5,5
13588,5,7,2,-2
13589,1,3,2,-2
13590,3,9,6,-6
13591,2,4,2,-2
13592,7,6,1,1
13593,5,1,4,4
13594,10,3,7,7
13595,1,2,1,-1
13596,8,5,3,3
13597,8,6,2,2
13598,5,1,4,4
13599,0,2,2,-2
13600,5,0,5,5
13601,5,2,3,3
13602,2,15,13,-13
13603,9,3,6,6
13604,1,3,2,-2
13605,1,2,1,-1
13606,0,1,1,-1
13607,7,13,6,-6
13608,1,11,10,-10
13609,2,1,1,1
13610,1,5,4,-4
13611,7,2,5,5
13612,5,6,1,-1
13613,5,2,3,3
13614,0,3,3,-3
13615,11,5,6,6
13616,7,17,10,-10
13617,2,3,1,-1
13618,1,3,2,-2
13619,2,3,1,-1
13620,3,4,1,-1
13621,3,2,1,1
13622,1,2,1,-1
13623,10,8,2,2
13624,9,4,5,5
13625,4,3,1,1
13626,2,5,3,-3
13627,6,2,4,4
13628,8,9,1,-1
13629,2,4,2,-2
13630,1,4,3,-3
13631,3,7,4,-4
13632,9,4,5,5
13633,2,1,1,1
13634,5,10,5,-5
13635,8,7,1,1
13636,8,4,4,4
13637,2,10,8,-8
13638,21,5,16,16
13639,3,2,1,1
13640,7,2,5,5
13641,2,0,2,2
13642,1,4,3,-3
13643,0,4,4,-4
13644,5,2,3,3
13645,4,0,4,4
13646,0,2,2,-2
13647,9,2,7,7
13648,1,12,11,-11
13649,3,6,3,-3
13650,10,4,6,6
13651,8,2,6,6
13652,2,1,1,1
13653,2,5,3,-3
13654,2,8,6,-6
13655,2,3,1,-1
13656,7,10,3,-3
13657,7,2,5,5
13658,7,3,4,4
13659,0,5,5,-5
13660,1,0,1,1
13661,9,8,1,1
13662,2,8,6,-6
13663,0,3,3,-3
13664,5,9,4,-4
13665,3,1,2,2
13666,6,7,1,-1
13667,2,5,3,-3
13668,5,15,10,-10
13669,1,0,1,1
13670,5,2,3,3
13671,8,7,1,1
13672,1,4,3,-3
13673,8,9,1,-1
13674,7,8,1,-1
13675,5,7,2,-2
13676,13,6,7,7
13677,6,4,2,2
13678,6,1,5,5
13679,2,1,1,1
13680,3,6,3,-3
13681,6,7,1,-1
13682,5,4,1,1
13683,3,5,2,-2
13684,8,3,5,5
13685,4,1,3,3
13686,1,2,1,-1
13687,3,9,6,-6
13688,0,7,7,-7
13689,2,6,4,-4
13690,7,11,4,-4
13691,2,8,6,-6
13692,2,9,7,-7
13693,2,3,1,-1
13694,1,5,4,-4
13695,9,7,2,2
13696,7,6,1,1
13697,3,4,1,-1
13698,1,3,2,-2
13699,5,3,2,2
13700,4,2,2,2
13701,2,3,1,-1
13702,2,12,10,-10
13703,6,2,4,4
13704,6,1,5,5
13705,4,3,1,1
13706,12,3,9,9
13707,1,4,3,-3
13708,4,1,3,3
13709,1,2,1,-1
13710,1,2,1,-1
13711,2,5,3,-3
13712,3,0,3,3
13713,3,5,2,-2
13714,2,5,3,-3
13715,4,3,1,1
13716,2,5,3,-3
13717,6,2,4,4
13718,2,3,1,-1
13719,4,5,1,-1
13720,5,4,1,1
13721,9,2,7,7
13722,9,12,3,-3
13723,1,5,4,-4
13724,8,9,1,-1
13725,8,7,1,1
13726,12,1,11,11
13727,13,5,8,8
13728,6,4,2,2
13729,2,0,2,2
13730,11,3,8,8
13731,5,1,4,4
13732,3,13,10,-10
13733,0,5,5,-5
13734,3,4,1,-1
13735,1,3,2,-2
13736,8,3,5,5
13737,2,3,1,-1
13738,10,4,6,6
13739,5,1,4,4
13740,1,4,3,-3
13741,2,6,4,-4
13742,5,0,5,5
13743,4,5,1,-1
13744,3,4,1,-1
13745,5,6,1,-1
13746,1,2,1,-1
13747,2,1,1,1
13748,7,3,4,4
13749,3,4,1,-1
13750,7,9,2,-2
13751,6,1,5,5
13752,4,3,1,1
13753,5,7,2,-2
13754,8,6,2,2
13755,5,8,3,-3
13756,4,3,1,1
13757,5,7,2,-2
13758,11,4,7,7
13759,6,8,2,-2
13760,1,2,1,-1
13761,5,4,1,1
13762,3,9,6,-6
13763,8,9,1,-1
13764,4,5,1,-1
13765,3,0,3,3
13766,1,10,9,-9
13767,10,8,2,2
13768,3,8,5,-5
13769,4,8,4,-4
13770,10,9,1,1
13771,7,2,5,5
13772,2,3,1,-1
13773,2,1,1,1
13774,1,3,2,-2
13775,3,4,1,-1
13776,4,3,1,1
13777,0,2,2,-2
13778,3,6,3,-3
13779,3,7,4,-4
13780,6,0,6,6
13781,4,5,1,-1
13782,4,3,1,1
13783,5,4,1,1
13784,5,0,5,5
13785,4,17,13,-13
13786,6,7,1,-1
13787,6,7,1,-1
13788,6,0,6,6
13789,1,2,1,-1
13790,11,3,8,8
13791,4,5,1,-1
13792,4,1,3,3
13793,2,7,5,-5
13794,6,8,2,-2
13795,3,0,3,3
13796,5,6,1,-1
13797,4,2,2,2
13798,1,6,5,-5
13799,4,5,1,-1
13800,1,8,7,-7
13801,7,2,5,5
13802,4,5,1,-1
13803,2,0,2,2
13804,4,5,1,-1
13805,2,4,2,-2
13806,3,4,1,-1
13807,3,4,1,-1
13808,4,1,3,3
13809,0,2,2,-2
13810,4,5,1,-1
13811,6,13,7,-7
13812,5,3,2,2
13813,6,4,2,2
13814,2,8,6,-6
13815,0,4,4,-4
13816,3,2,1,1
13817,3,13,10,-10
13818,8,3,5,5
13819,2,4,2,-2
13820,1,2,1,-1
13821,0,3,3,-3
13822,4,5,1,-1
13823,1,6,5,-5
13824,2,3,1,-1
13825,5,6,1,-1
13826,0,2,2,-2
13827,2,4,2,-2
13828,1,13,12,-12
13829,3,6,3,-3
13830,0,5,5,-5
13831,4,5,1,-1
13832,0,4,4,-4
13833,6,11,5,-5
13834,1,3,2,-2
13835,3,4,1,-1
13836,2,3,1,-1
13837,1,2,1,-1
13838,7,4,3,3
13839,1,11,10,-10
13840,0,3,3,-3
13841,6,9,3,-3
13842,3,10,7,-7
13843,7,6,1,1
13844,2,3,1,-1
13845,0,3,3,-3
13846,6,14,8,-8
13847,0,3,3,-3
13848,7,3,4,4
13849,2,0,2,2
13850,2,4,2,-2
13851,8,6,2,2
13852,7,6,1,1
13853,6,5,1,1
13854,2,4,2,-2
13855,2,9,7,-7
13856,10,3,7,7
13857,3,12,9,-9
13858,1,3,2,-2
13859,10,5,5,5
13860,6,8,2,-2
13861,1,15,14,-14
13862,6,5,1,1
13863,1,5,4,-4
13864,1,4,3,-3
13865,6,1,5,5
13866,3,5,2,-2
13867,4,3,1,1
13868,2,3,1,-1
13869,9,5,4,4
13870,3,5,2,-2
13871,1,3,2,-2
13872,3,2,1,1
13873,5,8,3,-3
13874,1,3,2,-2
13875,3,4,1,-1
13876,10,22,12,-12
13877,6,3,3,3
13878,4,2,2,2
13879,4,9,5,-5
13880,1,4,3,-3
13881,4,12,8,-8
13882,4,1,3,3
13883,8,4,4,4
13884,7,5,2,2
13885,3,8,5,-5
13886,2,4,2,-2
13887,5,3,2,2
13888,6,12,6,-6
13889,2,6,4,-4
13890,2,18,16,-16
13891,10,8,2,2
13892,1,3,2,-2
13893,5,6,1,-1
13894,3,4,1,-1
13895,1,4,3,-3
13896,3,5,2,-2
13897,1,3,2,-2
13898,1,2,1,-1
13899,0,5,5,-5
13900,1,2,1,-1
13901,1,6,5,-5
13902,8,1,7,7
13903,0,5,5,-5
13904,6,4,2,2
13905,1,2,1,-1
13906,2,4,2,-2
13907,8,2,6,6
13908,9,2,7,7
13909,7,8,1,-1
13910,3,4,1,-1
13911,6,2,4,4
13912,4,1,3,3
13913,3,5,2,-2
13914,1,2,1,-1
13915,3,5,2,-2
13916,5,3,2,2
13917,1,9,8,-8
13918,2,3,1,-1
13919,4,8,4,-4
13920,4,5,1,-1
13921,3,2,1,1
13922,10,8,2,2
13923,3,1,2,2
13924,15,6,9,9
13925,9,6,3,3
13926,8,5,3,3
13927,8,9,1,-1
13928,0,9,9,-9
13929,2,0,2,2
13930,0,1,1,-1
13931,4,5,1,-1
13932,4,6,2,-2
13933,2,3,1,-1
13934,3,4,1,-1
13935,2,5,3,-3
13936,2,7,5,-5
13937,15,8,7,7
13938,4,3,1,1
13939,4,1,3,3
13940,7,8,1,-1
13941,4,7,3,-3
13942,1,4,3,-3
13943,2,3,1,-1
13944,3,4,1,-1
13945,8,2,6,6
13946,15,2,13,13
13947,1,4,3,-3
13948,0,4,4,-4
13949,1,0,1,1
13950,3,2,1,1
13951,1,7,6,-6
13952,5,4,1,1
13953,2,3,1,-1
13954,7,9,2,-2
13955,0,4,4,-4
13956,9,2,7,7
13957,4,3,1,1
13958,2,7,5,-5
13959,2,0,2,2
13960,0,3,3,-3
13961,7,3,4,4
13962,2,1,1,1
13963,11,4,7,7
13964,3,5,2,-2
13965,6,3,3,3
13966,14,9,5,5
13967,7,1,6,6
13968,6,4,2,2
13969,3,9,6,-6
13970,10,3,7,7
13971,15,3,12,12
13972,3,2,1,1
13973,6,3,3,3
13974,5,3,2,2
13975,1,3,2,-2
13976,2,6,4,-4
13977,5,4,1,1
13978,6,3,3,3
13979,7,9,2,-2
13980,11,7,4,4
13981,14,9,5,5
13982,4,2,2,2
13983,2,3,1,-1
13984,0,8,8,-8
13985,1,6,5,-5
13986,12,5,7,7
13987,4,3,1,1
13988,8,6,2,2
13989,4,2,2,2
13990,2,3,1,-1
13991,4,3,1,1
13992,2,8,6,-6
13993,6,8,2,-2
13994,3,9,6,-6
13995,4,0,4,4
13996,5,1,4,4
13997,2,0,2,2
13998,2,5,3,-3
13999,10,3,7,7
14000,5,9,4,-4
14001,5,4,1,1
14002,3,8,5,-5
14003,0,1,1,-1
14004,11,5,6,6
14005,5,3,2,2
14006,3,5,2,-2
14007,1,2,1,-1
14008,5,12,7,-7
14009,5,2,3,3
14010,16,7,9,9
14011,4,5,1,-1
14012,6,11,5,-5
14013,8,7,1,1
14014,2,3,1,-1
14015,15,1,14,14
14016,5,6,1,-1
14017,11,7,4,4
14018,6,5,1,1
14019,9,1,8,8
14020,5,1,4,4
14021,5,1,4,4
14022,2,5,3,-3
14023,6,5,1,1
14024,8,5,3,3
14025,3,8,5,-5
14026,3,0,3,3
14027,2,6,4,-4
14028,0,5,5,-5
14029,8,5,3,3
14030,6,2,4,4
14031,2,8,6,-6
14032,5,3,2,2
14033,12,4,8,8
14034,3,1,2,2
14035,6,3,3,3
14036,7,4,3,3
14037,7,2,5,5
14038,9,4,5,5
14039,2,4,2,-2
14040,6,5,1,1
14041,2,4,2,-2
14042,2,0,2,2
14043,3,5,2,-2
14044,4,5,1,-1
14045,1,4,3,-3
14046,5,3,2,2
14047,1,0,1,1
14048,2,1,1,1
14049,9,5,4,4
14050,1,9,8,-8
14051,2,4,2,-2
14052,2,0,2,2
14053,1,3,2,-2
14054,0,3,3,-3
14055,3,2,1,1
14056,1,4,3,-3
14057,3,5,2,-2
14058,4,6,2,-2
14059,15,4,11,11
14060,1,4,3,-3
14061,0,5,5,-5
14062,6,4,2,2
14063,1,7,6,-6
14064,3,5,2,-2
14065,4,5,1,-1
14066,4,3,1,1
14067,7,6,1,1
14068,3,8,5,-5
14069,4,1,3,3
14070,6,3,3,3
14071,3,4,1,-1
14072,1,15,14,-14
14073,3,2,1,1
14074,3,1,2,2
14075,2,5,3,-3
14076,12,9,3,3
14077,3,1,2,2
14078,3,4,1,-1
14079,3,4,1,-1
14080,6,0,6,6
14081,1,5,4,-4
14082,5,6,1,-1
14083,2,9,7,-7
14084,5,7,2,-2
14085,2,3,1,-1
14086,0,6,6,-6
14087,2,9,7,-7
14088,7,4,3,3
14089,20,6,14,14
14090,2,0,2,2
14091,1,4,3,-3
14092,4,5,1,-1
14093,9,4,5,5
14094,5,0,5,5
14095,7,5,2,2
14096,4,7,3,-3
14097,6,3,3,3
14098,3,4,1,-1
14099,3,8,5,-5
14100,5,11,6,-6
14101,4,2,2,2
14102,4,0,4,4
14103,13,6,7,7
14104,4,5,1,-1
14105,4,5,1,-1
14106,1,3,2,-2
14107,0,7,7,-7
14108,5,8,3,-3
14109,11,2,9,9
14110,3,1,2,2
14111,7,5,2,2
14112,6,5,1,1
14113,6,8,2,-2
14114,6,2,4,4
14115,3,5,2,-2
14116,7,1,6,6
14117,4,5,1,-1
14118,6,4,2,2
14119,5,3,2,2
14120,1,2,1,-1
14121,4,7,3,-3
14122,14,8,6,6
14123,8,6,2,2
14124,5,8,3,-3
14125,6,7,1,-1
14126,13,8,5,5
14127,8,3,5,5
14128,1,12,11,-11
14129,0,3,3,-3
14130,9,4,5,5
14131,1,5,4,-4
14132,7,3,4,4
14133,7,4,3,3
14134,4,9,5,-5
14135,1,2,1,-1
14136,4,9,5,-5
14137,4,9,5,-5
14138,4,3,1,1
14139,4,3,1,1
14140,7,15,8,-8
14141,6,4,2,2
14142,3,11,8,-8
14143,3,5,2,-2
14144,7,10,3,-3
14145,1,15,14,-14
14146,2,5,3,-3
14147,5,7,2,-2
14148,8,1,7,7
14149,0,8,8,-8
14150,12,1,11,11
14151,2,5,3,-3
14152,11,8,3,3
14153,10,2,8,8
14154,5,14,9,-9
14155,1,2,1,-1
14156,5,6,1,-1
14157,8,4,4,4
14158,9,3,6,6
14159,2,5,3,-3
14160,2,1,1,1
14161,2,9,7,-7
14162,0,6,6,-6
14163,3,2,1,1
14164,6,1,5,5
14165,3,2,1,1
14166,8,3,5,5
14167,1,5,4,-4
14168,0,2,2,-2
14169,8,6,2,2
14170,7,3,4,4
14171,7,3,4,4
14172,7,0,7,7
14173,2,0,2,2
14174,1,4,3,-3
14175,2,8,6,-6
14176,0,7,7,-7
14177,2,6,4,-4
14178,4,0,4,4
14179,5,8,3,-3
14180,7,5,2,2
14181,4,6,2,-2
14182,3,2,1,1
14183,4,10,6,-6
14184,4,6,2,-2
14185,3,6,3,-3
14186,7,4,3,3
14187,3,4,1,-1
14188,5,1,4,4
14189,7,1,6,6
14190,4,8,4,-4
14191,7,5,2,2
14192,4,11,7,-7
14193,3,2,1,1
14194,4,5,1,-1
14195,6,2,4,4
14196,6,8,2,-2
14197,9,10,1,-1
14198,3,0,3,3
14199,1,6,5,-5
14200,1,3,2,-2
14201,9,1,8,8
14202,7,2,5,5
14203,6,4,2,2
14204,9,0,9,9
14205,8,5,3,3
14206,6,4,2,2
14207,5,1,4,4
14208,4,7,3,-3
14209,7,8,1,-1
14210,2,4,2,-2
14211,2,1,1,1
14212,0,4,4,-4
14213,9,6,3,3
14214,6,2,4,4
14215,7,3,4,4
14216,4,6,2,-2
14217,0,5,5,-5
14218,1,2,1,-1
14219,8,5,3,3
14220,8,7,1,1
14221,2,3,1,-1
14222,4,10,6,-6
14223,6,4,2,2
14224,8,0,8,8
14225,3,2,1,1
14226,5,3,2,2
14227,11,5,6,6
14228,0,6,6,-6
14229,1,2,1,-1
14230,5,4,1,1
14231,2,5,3,-3
14232,8,1,7,7
14233,4,11,7,-7
14234,3,4,1,-1
14235,5,3,2,2
14236,5,7,2,-2
14237,0,5,5,-5
14238,7,2,5,5
14239,0,11,11,-11
14240,6,4,2,2
14241,4,3,1,1
14242,2,3,1,-1
14243,8,14,6,-6
14244,6,2,4,4
14245,11,5,6,6
14246,4,2,2,2
14247,4,8,4,-4
14248,0,4,4,-4
14249,4,12,8,-8
14250,5,1,4,4
14251,2,4,2,-2
14252,1,2,1,-1
14253,5,1,4,4
14254,7,3,4,4
14255,3,6,3,-3
14256,1,9,8,-8
14257,2,3,1,-1
14258,14,6,8,8
14259,2,8,6,-6
14260,9,5,4,4
14261,10,7,3,3
14262,2,7,5,-5
14263,10,4,6,6
14264,5,3,2,2
14265,9,5,4,4
14266,6,4,2,2
14267,1,5,4,-4
14268,0,2,2,-2
14269,5,7,2,-2
14270,2,10,8,-8
14271,0,8,8,-8
14272,5,3,2,2
14273,2,8,6,-6
14274,7,0,7,7
14275,2,7,5,-5
14276,9,2,7,7
14277,0,5,5,-5
14278,3,2,1,1
14279,2,0,2,2
14280,4,12,8,-8
14281,4,3,1,1
14282,10,7,3,3
14283,9,2,7,7
14284,5,0,5,5
14285,4,7,3,-3
14286,6,7,1,-1
14287,3,10,7,-7
14288,0,2,2,-2
14289,7,8,1,-1
14290,3,8,5,-5
14291,1,7,6,-6
14292,1,10,9,-9
14293,4,1,3,3
14294,3,5,2,-2
14295,10,3,7,7
14296,1,4,3,-3
14297,3,4,1,-1
14298,8,7,1,1
14299,3,5,2,-2
14300,5,6,1,-1
14301,17,6,11,11
14302,2,0,2,2
14303,5,4,1,1
14304,4,3,1,1
14305,3,6,3,-3
14306,5,6,1,-1
14307,4,6,2,-2
14308,2,3,1,-1
14309,5,4,1,1
14310,3,1,2,2
14311,9,3,6,6
14312,4,0,4,4
14313,4,5,1,-1
14314,2,1,1,1
14315,9,8,1,1
14316,10,1,9,9
14317,4,9,5,-5
14318,1,5,4,-4
14319,7,4,3,3
14320,1,3,2,-2
14321,3,1,2,2
14322,3,14,11,-11
14323,4,3,1,1
14324,9,1,8,8
14325,0,2,2,-2
14326,5,4,1,1
14327,6,0,6,6
14328,12,2,10,10
14329,3,2,1,1
14330,3,5,2,-2
14331,4,2,2,2
14332,8,4,4,4
14333,11,8,3,3
14334,4,3,1,1
14335,2,8,6,-6
14336,5,0,5,5
14337,6,3,3,3
14338,9,6,3,3
14339,6,4,2,2
14340,1,12,11,-11
14341,4,5,1,-1
14342,4,3,1,1
14343,6,8,2,-2
14344,3,1,2,2
14345,1,6,5,-5
14346,1,2,1,-1
14347,3,8,5,-5
14348,4,7,3,-3
14349,2,6,4,-4
14350,5,3,2,2
14351,1,5,4,-4
14352,2,0,2,2
14353,4,5,1,-1
14354,4,3,1,1
14355,5,6,1,-1
14356,6,10,4,-4
14357,4,3,1,1
14358,5,2,3,3
14359,2,1,1,1
14360,1,10,9,-9
14361,7,6,1,1
14362,1,2,1,-1
14363,4,5,1,-1
14364,2,10,8,-8
14365,3,2,1,1
14366,9,7,2,2
14367,5,0,5,5
14368,6,0,6,6
14369,2,5,3,-3
14370,3,6,3,-3
14371,10,3,7,7
14372,1,5,4,-4
14373,1,8,7,-7
14374,6,7,1,-1
14375,9,2,7,7
14376,4,3,1,1
14377,1,2,1,-1
14378,4,3,1,1
14379,10,4,6,6
14380,4,3,1,1
14381,4,8,4,-4
14382,11,2,9,9
14383,1,5,4,-4
14384,3,13,10,-10
14385,7,8,1,-1
14386,2,0,2,2
14387,3,2,1,1
14388,3,6,3,-3
14389,2,4,2,-2
14390,5,9,4,-4
14391,9,3,6,6
14392,8,4,4,4
14393,0,4,4,-4
14394,1,2,1,-1
14395,5,2,3,3
14396,1,2,1,-1
14397,4,3,1,1
14398,11,2,9,9
14399,1,3,2,-2
14400,8,6,2,2
14401,6,4,2,2
14402,0,4,4,-4
14403,6,3,3,3
14404,8,0,8,8
14405,6,2,4,4
14406,6,2,4,4
14407,4,2,2,2
14408,1,3,2,-2
14409,4,1,3,3
14410,6,2,4,4
14411,4,7,3,-3
14412,6,5,1,1
14413,3,4,1,-1
14414,2,4,2,-2
14415,10,3,7,7
14416,0,4,4,-4
14417,4,1,3,3
14418,13,7,6,6
14419,1,4,3,-3
14420,3,4,1,-1
14421,6,3,3,3
14422,4,5,1,-1
14423,2,10,8,-8
14424,4,3,1,1
14425,4,2,2,2
14426,4,10,6,-6
14427,6,3,3,3
14428,2,3,1,-1
14429,8,1,7,7
14430,6,4,2,2
14431,5,4,1,1
14432,3,6,3,-3
14433,0,1,1,-1
14434,4,5,1,-1
14435,3,7,4,-4
14436,5,4,1,1
14437,4,8,4,-4
14438,0,7,7,-7
14439,4,6,2,-2
14440,6,2,4,4
14441,6,0,6,6
14442,5,2,3,3
14443,4,5,1,-1
14444,3,5,2,-2
14445,3,2,1,1
14446,12,5,7,7
14447,4,7,3,-3
14448,11,12,1,-1
14449,6,3,3,3
14450,4,3,1,1
14451,8,2,6,6
14452,2,3,1,-1
14453,0,8,8,-8
14454,6,2,4,4
14455,7,9,2,-2
14456,9,5,4,4
14457,1,2,1,-1
14458,14,10,4,4
14459,8,10,2,-2
14460,4,0,4,4
14461,10,2,8,8
14462,6,8,2,-2
14463,2,6,4,-4
14464,0,3,3,-3
14465,1,5,4,-4
14466,1,2,1,-1
14467,2,3,1,-1
14468,0,2,2,-2
14469,7,1,6,6
14470,2,4,2,-2
14471,0,3,3,-3
14472,1,6,5,-5
14473,5,4,1,1
14474,4,5,1,-1
14475,0,4,4,-4
14476,8,1,7,7
14477,5,12,7,-7
14478,5,9,4,-4
14479,4,2,2,2
14480,8,4,4,4
14481,12,5,7,7
14482,4,5,1,-1
14483,4,3,1,1
14484,4,2,2,2
14485,5,1,4,4
14486,3,2,1,1
14487,7,4,3,3
14488,0,1,1,-1
14489,3,0,3,3
14490,2,3,1,-1
14491,1,5,4,-4
14492,1,8,7,-7
14493,2,4,2,-2
14494,10,4,6,6
14495,4,6,2,-2
14496,2,4,2,-2
14497,6,7,1,-1
14498,3,4,1,-1
14499,1,2,1,-1
14500,4,1,3,3
14501,3,4,1,-1
14502,4,3,1,1
14503,8,0,8,8
14504,8,7,1,1
14505,15,2,13,13
14506,1,8,7,-7
14507,5,3,2,2
14508,7,1,6,6
14509,2,10,8,-8
14510,9,5,4,4
14511,7,6,1,1
14512,4,6,2,-2
14513,2,6,4,-4
14514,1,3,2,-2
14515,0,2,2,-2
14516,10,3,7,7
14517,5,7,2,-2
14518,2,8,6,-6
14519,11,1,10,10
14520,5,0,5,5
14521,0,5,5,-5
14522,4,6,2,-2
14523,6,4,2,2
14524,4,2,2,2
14525,1,4,3,-3
14526,1,4,3,-3
14527,3,5,2,-2
14528,6,8,2,-2
14529,3,0,3,3
14530,5,3,2,2
14531,0,3,3,-3
14532,1,3,2,-2
14533,3,2,1,1
14534,1,2,1,-1
14535,2,8,6,-6
14536,3,1,2,2
14537,4,2,2,2
14538,8,4,4,4
14539,2,1,1,1
14540,21,5,16,16
14541,0,4,4,-4
14542,2,6,4,-4
14543,6,1,5,5
14544,4,6,2,-2
14545,9,3,6,6
14546,2,9,7,-7
14547,3,4,1,-1
14548,3,4,1,-1
14549,0,2,2,-2
14550,5,1,4,4
14551,7,5,2,2
14552,3,4,1,-1
14553,11,10,1,1
14554,6,2,4,4
14555,1,2,1,-1
14556,1,0,1,1
14557,3,1,2,2
14558,2,0,2,2
14559,7,6,1,1
14560,5,2,3,3
14561,3,1,2,2
14562,2,3,1,-1
14563,4,9,5,-5
14564,6,0,6,6
14565,1,3,2,-2
14566,6,1,5,5
14567,2,3,1,-1
14568,3,12,9,-9
14569,2,9,7,-7
14570,3,5,2,-2
14571,0,6,6,-6
14572,0,2,2,-2
14573,3,6,3,-3
14574,3,1,2,2
14575,0,1,1,-1
14576,2,7,5,-5
14577,0,4,4,-4
14578,7,3,4,4
14579,3,4,1,-1
14580,5,3,2,2
14581,1,4,3,-3
14582,9,0,9,9
14583,2,3,1,-1
14584,4,3,1,1
14585,5,3,2,2
14586,2,3,1,-1
14587,10,5,5,5
14588,4,3,1,1
14589,2,6,4,-4
14590,12,3,9,9
14591,15,0,15,15
14592,6,1,5,5
14593,6,2,4,4
14594,2,0,2,2
14595,5,3,2,2
14596,5,4,1,1
14597,2,3,1,-1
14598,10,2,8,8
14599,6,11,5,-5
14600,8,7,1,1
14601,2,1,1,1
14602,5,6,1,-1
14603,3,0,3,3
14604,2,4,2,-2
14605,6,7,1,-1
14606,6,16,10,-10
14607,1,2,1,-1
14608,3,5,2,-2
14609,9,5,4,4
14610,4,3,1,1
14611,3,1,2,2
14612,2,3,1,-1
14613,7,3,4,4
14614,3,4,1,-1
14615,1,5,4,-4
14616,7,0,7,7
14617,3,4,1,-1
14618,2,4,2,-2
14619,5,8,3,-3
14620,6,1,5,5
14621,14,6,8,8
14622,6,10,4,-4
14623,6,12,6,-6
14624,6,4,2,2
14625,7,3,4,4
14626,1,6,5,-5
14627,7,1,6,6
14628,0,4,4,-4
14629,3,4,1,-1
14630,3,2,1,1
14631,8,7,1,1
14632,2,3,1,-1
14633,7,4,3,3
14634,6,5,1,1
14635,13,6,7,7
14636,4,6,2,-2
14637,2,7,5,-5
14638,2,3,1,-1
14639,4,1,3,3
14640,3,7,4,-4
14641,8,4,4,4
14642,0,7,7,-7
14643,6,1,5,5
14644,8,4,4,4
14645,4,2,2,2
14646,12,2,10,10
14647,1,5,4,-4
14648,16,3,13,13
14649,6,4,2,2
14650,1,0,1,1
14651,3,2,1,1
14652,1,3,2,-2
14653,3,5,2,-2
14654,3,4,1,-1
14655,2,1,1,1
14656,0,3,3,-3
14657,7,3,4,4
14658,12,7,5,5
14659,1,2,1,-1
14660,3,6,3,-3
14661,2,3,1,-1
14662,5,2,3,3
14663,6,9,3,-3
14664,2,4,2,-2
14665,9,7,2,2
14666,7,4,3,3
14667,2,8,6,-6
14668,4,1,3,3
14669,4,1,3,3
14670,7,3,4,4
14671,3,5,2,-2
14672,10,3,7,7
14673,4,3,1,1
14674,1,10,9,-9
14675,4,6,2,-2
14676,9,5,4,4
14677,2,8,6,-6
14678,3,2,1,1
14679,5,4,1,1
14680,8,0,8,8
14681,1,5,4,-4
14682,3,2,1,1
14683,7,2,5,5
14684,4,2,2,2
14685,2,1,1,1
14686,0,3,3,-3
14687,1,2,1,-1
14688,2,4,2,-2
14689,4,2,2,2
14690,3,0,3,3
14691,5,1,4,4
14692,2,4,2,-2
14693,4,1,3,3
14694,2,7,5,-5
14695,2,9,7,-7
14696,6,10,4,-4
14697,1,3,2,-2
14698,1,2,1,-1
14699,1,2,1,-1
14700,7,3,4,4
14701,6,4,2,2
14702,0,3,3,-3
14703,6,2,4,4
14704,3,1,2,2
14705,6,0,6,6
14706,3,6,3,-3
14707,2,4,2,-2
14708,1,8,7,-7
14709,6,11,5,-5
14710,2,5,3,-3
14711,0,3,3,-3
14712,7,4,3,3
14713,0,7,7,-7
14714,2,6,4,-4
14715,3,5,2,-2
14716,6,5,1,1
14717,0,1,1,-1
14718,4,5,1,-1
14719,7,1,6,6
14720,4,2,2,2
14721,1,0,1,1
14722,11,5,6,6
14723,6,1,5,5
14724,3,7,4,-4
14725,6,3,3,3
14726,9,1,8,8
14727,8,4,4,4
14728,3,2,1,1
14729,3,14,11,-11
14730,2,4,2,-2
14731,5,7,2,-2
14732,5,3,2,2
14733,4,6,2,-2
14734,3,2,1,1
14735,3,5,2,-2
14736,2,7,5,-5
14737,4,8,4,-4
14738,2,6,4,-4
14739,4,3,1,1
14740,6,4,2,2
14741,8,1,7,7
14742,0,5,5,-5
14743,3,5,2,-2
14744,9,8,1,1
14745,5,3,2,2
14746,6,0,6,6
14747,4,5,1,-1
14748,2,3,1,-1
14749,3,4,1,-1
14750,2,3,1,-1
14751,2,3,1,-1
14752,2,0,2,2
14753,1,3,2,-2
14754,6,5,1,1
14755,2,3,1,-1
14756,3,9,6,-6
14757,7,3,4,4
14758,3,4,1,-1
14759,4,3,1,1
14760,7,0,7,7
14761,4,7,3,-3
14762,5,1,4,4
14763,1,6,5,-5
14764,5,2,3,3
14765,9,7,2,2
14766,5,0,5,5
14767,4,3,1,1
14768,3,0,3,3
14769,0,5,5,-5
14770,2,3,1,-1
14771,6,8,2,-2
14772,6,5,1,1
14773,3,2,1,1
14774,5,7,2,-2
14775,1,8,7,-7
14776,3,4,1,-1
14777,7,0,7,7
14778,11,1,10,10
14779,4,5,1,-1
14780,3,0,3,3
14781,2,1,1,1
14782,3,4,1,-1
14783,3,7,4,-4
14784,1,2,1,-1
14785,2,1,1,1
14786,3,2,1,1
14787,5,2,3,3
14788,1,2,1,-1
14789,5,3,2,2
14790,5,6,1,-1
14791,3,1,2,2
14792,5,10,5,-5
14793,4,5,1,-1
14794,2,8,6,-6
14795,2,1,1,1
14796,3,5,2,-2
14797,2,3,1,-1
14798,12,8,4,4
14799,3,2,1,1
14800,10,7,3,3
14801,0,4,4,-4
14802,7,3,4,4
14803,4,7,3,-3
14804,2,1,1,1
14805,16,0,16,16
14806,1,5,4,-4
14807,8,1,7,7
14808,11,1,10,10
14809,6,2,4,4
14810,5,2,3,3
14811,0,5,5,-5
14812,2,1,1,1
14813,6,2,4,4
14814,2,4,2,-2
14815,3,6,3,-3
14816,8,5,3,3
14817,8,7,1,1
14818,6,3,3,3
14819,8,1,7,7
14820,5,7,2,-2
14821,5,2,3,3
14822,1,4,3,-3
14823,1,8,7,-7
14824,4,8,4,-4
14825,2,4,2,-2
14826,3,4,1,-1
14827,10,1,9,9
14828,3,8,5,-5
14829,8,3,5,5
14830,2,3,1,-1
14831,3,9,6,-6
14832,1,7,6,-6
14833,8,2,6,6
14834,5,13,8,-8
14835,4,1,3,3
14836,10,6,4,4
14837,11,2,9,9
14838,2,7,5,-5
14839,0,2,2,-2
14840,9,4,5,5
14841,1,4,3,-3
14842,6,3,3,3
14843,7,5,2,2
14844,1,6,5,-5
14845,8,1,7,7
14846,3,6,3,-3
14847,12,10,2,2
14848,3,2,1,1
14849,9,0,9,9
14850,12,10,2,2
14851,5,8,3,-3
14852,8,5,3,3
14853,5,4,1,1
14854,5,6,1,-1
14855,1,6,5,-5
14856,3,7,4,-4
14857,3,4,1,-1
14858,2,3,1,-1
14859,0,2,2,-2
14860,3,1,2,2
14861,7,5,2,2
14862,7,12,5,-5
14863,1,0,1,1
14864,6,1,5,5
14865,3,2,1,1
14866,3,5,2,-2
14867,4,5,1,-1
14868,4,9,5,-5
14869,5,1,4,4
14870,5,6,1,-1
14871,1,11,10,-10
14872,1,3,2,-2
14873,1,10,9,-9
14874,10,1,9,9
14875,8,2,6,6
14876,11,4,7,7
14877,3,4,1,-1
14878,9,4,5,5
14879,6,3,3,3
14880,3,4,1,-1
14881,0,1,1,-1
14882,4,3,1,1
14883,2,4,2,-2
14884,4,9,5,-5
14885,4,9,5,-5
14886,6,5,1,1
14887,7,4,3,3
14888,3,1,2,2
14889,2,3,1,-1
14890,4,0,4,4
14891,11,4,7,7
14892,9,8,1,1
14893,2,0,2,2
14894,2,5,3,-3
14895,9,13,4,-4
14896,3,0,3,3
14897,2,10,8,-8
14898,5,3,2,2
14899,3,7,4,-4
14900,0,3,3,-3
14901,2,7,5,-5
14902,5,3,2,2
14903,3,0,3,3
14904,3,6,3,-3
14905,2,4,2,-2
14906,9,2,7,7
14907,4,7,3,-3
14908,0,1,1,-1
14909,6,1,5,5
14910,2,4,2,-2
14911,9,0,9,9
14912,1,6,5,-5
14913,5,1,4,4
14914,6,3,3,3
14915,1,13,12,-12
14916,3,4,1,-1
14917,1,4,3,-3
14918,5,4,1,1
14919,8,7,1,1
14920,0,8,8,-8
14921,4,1,3,3
14922,0,2,2,-2
14923,0,6,6,-6
14924,3,4,1,-1
14925,2,7,5,-5
14926,5,2,3,3
14927,5,2,3,3
14928,7,5,2,2
14929,5,6,1,-1
14930,3,4,1,-1
14931,1,5,4,-4
14932,6,1,5,5
14933,7,1,6,6
14934,7,8,1,-1
14935,6,5,1,1
14936,2,1,1,1
14937,4,1,3,3
14938,5,1,4,4
14939,9,6,3,3
14940,6,3,3,3
14941,4,3,1,1
14942,0,1,1,-1
14943,5,14,9,-9
14944,6,1,5,5
14945,1,2,1,-1
14946,6,5,1,1
14947,6,1,5,5
14948,6,2,4,4
14949,2,0,2,2
14950,4,3,1,1
14951,2,1,1,1
14952,9,6,3,3
14953,5,8,3,-3
14954,1,4,3,-3
14955,7,2,5,5
14956,1,2,1,-1
14957,3,10,7,-7
14958,1,4,3,-3
14959,1,4,3,-3
14960,3,7,4,-4
14961,4,6,2,-2
14962,6,7,1,-1
14963,8,2,6,6
14964,10,5,5,5
14965,1,3,2,-2
14966,3,1,2,2
14967,4,7,3,-3
14968,4,5,1,-1
14969,3,0,3,3
14970,7,1,6,6
14971,3,6,3,-3
14972,1,0,1,1
14973,7,0,7,7
14974,5,2,3,3
14975,0,4,4,-4
14976,4,16,12,-12
14977,13,2,11,11
14978,9,8,1,1
14979,5,8,3,-3
14980,3,4,1,-1
14981,4,7,3,-3
14982,3,4,1,-1
14983,7,3,4,4
14984,0,8,8,-8
14985,6,2,4,4
14986,2,0,2,2
14987,4,5,1,-1
14988,0,1,1,-1
14989,7,3,4,4
14990,4,9,5,-5
14991,6,3,3,3
14992,2,12,10,-10
14993,2,5,3,-3
14994,5,9,4,-4
14995,0,4,4,-4
14996,3,5,2,-2
14997,17,7,10,10
14998,0,4,4,-4
14999,5,2,3,3
15000,4,10,6,-6
15001,1,7,6,-6
15002,5,1,4,4
15003,3,6,3,-3
15004,2,3,1,-1
15005,2,5,3,-3
15006,7,2,5,5
15007,6,8,2,-2
15008,1,5,4,-4
15009,4,6,2,-2
15010,0,2,2,-2
15011,4,6,2,-2
15012,4,2,2,2
15013,4,2,2,2
15014,8,4,4,4
15015,2,5,3,-3
15016,2,7,5,-5
15017,7,0,7,7
15018,10,5,5,5
15019,3,2,1,1
15020,2,8,6,-6
15021,6,2,4,4
15022,4,2,2,2
15023,5,8,3,-3
15024,13,7,6,6
15025,4,3,1,1
15026,6,3,3,3
15027,1,2,1,-1
15028,4,6,2,-2
15029,3,1,2,2
15030,3,11,8,-8
15031,1,3,2,-2
15032,4,5,1,-1
15033,8,3,5,5
15034,1,5,4,-4
15035,5,1,4,4
15036,4,2,2,2
15037,5,3,2,2
15038,3,4,1,-1
15039,5,4,1,1
15040,6,5,1,1
15041,4,3,1,1
15042,2,0,2,2
15043,10,5,5,5
15044,7,14,7,-7
15045,1,7,6,-6
15046,3,6,3,-3
15047,2,5,3,-3
15048,8,4,4,4
15049,2,3,1,-1
15050,10,5,5,5
15051,4,2,2,2
15052,1,4,3,-3
15053,3,1,2,2
15054,4,5,1,-1
15055,8,1,7,7
15056,5,13,8,-8
15057,4,0,4,4
15058,5,3,2,2
15059,7,10,3,-3
15060,4,6,2,-2
15061,11,13,2,-2
15062,3,2,1,1
15063,7,8,1,-1
15064,5,1,4,4
15065,2,3,1,-1
15066,10,2,8,8
15067,4,0,4,4
15068,5,4,1,1
15069,5,2,3,3
15070,3,13,10,-10
15071,3,5,2,-2
15072,9,2,7,7
15073,7,3,4,4
15074,5,6,1,-1
15075,5,6,1,-1
15076,1,5,4,-4
15077,7,4,3,3
15078,1,0,1,1
15079,5,4,1,1
15080,7,8,1,-1
15081,4,3,1,1
15082,2,3,1,-1
15083,4,5,1,-1
15084,2,3,1,-1
15085,12,10,2,2
15086,5,7,2,-2
15087,1,11,10,-10
15088,3,7,4,-4
15089,4,2,2,2
15090,7,4,3,3
15091,0,5,5,-5
15092,3,0,3,3
15093,0,1,1,-1
15094,7,6,1,1
15095,6,7,1,-1
15096,1,5,4,-4
15097,7,1,6,6
15098,7,6,1,1
15099,6,3,3,3
15100,5,0,5,5
15101,3,1,2,2
15102,4,9,5,-5
15103,2,5,3,-3
15104,4,8,4,-4
15105,0,1,1,-1
15106,2,3,1,-1
15107,3,5,2,-2
15108,3,9,6,-6
15109,5,6,1,-1
15110,6,3,3,3
15111,5,0,5,5
15112,1,2,1,-1
15113,9,7,2,2
15114,0,6,6,-6
15115,5,6,1,-1
15116,5,3,2,2
15117,2,8,6,-6
15118,4,7,3,-3
15119,3,5,2,-2
15120,8,7,1,1
15121,3,4,1,-1
15122,4,6,2,-2
15123,7,1,6,6
15124,6,5,1,1
15125,9,10,1,-1
15126,5,1,4,4
15127,2,4,2,-2
15128,5,7,2,-2
15129,3,0,3,3
15130,7,6,1,1
15131,6,7,1,-1
15132,2,1,1,1
15133,2,1,1,1
15134,3,4,1,-1
15135,5,2,3,3
15136,2,3,1,-1
15137,9,4,5,5
15138,5,1,4,4
15139,6,15,9,-9
15140,8,10,2,-2
15141,1,3,2,-2
15142,13,2,11,11
15143,2,12,10,-10
15144,7,6,1,1
15145,5,3,2,2
15146,5,8,3,-3
15147,10,0,10,10
15148,6,5,1,1
15149,1,13,12,-12
15150,2,7,5,-5
15151,4,8,4,-4
15152,5,8,3,-3
15153,12,2,10,10
15154,3,5,2,-2
15155,1,5,4,-4
15156,2,4,2,-2
15157,0,2,2,-2
15158,1,3,2,-2
15159,9,12,3,-3
15160,5,1,4,4
15161,3,1,2,2
15162,1,8,7,-7
15163,2,5,3,-3
15164,5,3,2,2
15165,3,6,3,-3
15166,2,3,1,-1
15167,5,2,3,3
15168,1,8,7,-7
15169,6,3,3,3
15170,4,2,2,2
15171,8,7,1,1
15172,2,1,1,1
15173,7,1,6,6
15174,2,4,2,-2
15175,3,1,2,2
15176,2,1,1,1
15177,0,2,2,-2
15178,4,7,3,-3
15179,7,2,5,5
15180,1,2,1,-1
15181,3,2,1,1
15182,4,1,3,3
15183,7,2,5,5
15184,3,5,2,-2
15185,9,1,8,8
15186,2,8,6,-6
15187,3,1,2,2
15188,7,13,6,-6
15189,9,4,5,5
15190,4,2,2,2
15191,4,1,3,3
15192,7,5,2,2
15193,2,1,1,1
15194,9,3,6,6
15195,8,3,5,5
15196,8,3,5,5
15197,4,1,3,3
15198,2,3,1,-1
15199,7,1,6,6
15200,1,2,1,-1
15201,6,7,1,-1
15202,8,1,7,7
15203,11,7,4,4
15204,3,1,2,2
15205,1,9,8,-8
15206,2,1,1,1
15207,4,5,1,-1
15208,2,1,1,1
15209,3,5,2,-2
15210,5,1,4,4
15211,4,0,4,4
15212,2,3,1,-1
15213,4,5,1,-1
15214,2,0,2,2
15215,5,1,4,4
15216,2,3,1,-1
15217,3,5,2,-2
15218,2,6,4,-4
15219,2,10,8,-8
15220,2,5,3,-3
15221,2,3,1,-1
15222,4,9,5,-5
15223,9,2,7,7
15224,3,1,2,2
15225,5,4,1,1
15226,5,4,1,1
15227,8,2,6,6
15228,1,3,2,-2
15229,0,5,5,-5
15230,9,5,4,4
15231,0,1,1,-1
15232,7,2,5,5
15233,6,7,1,-1
15234,5,1,4,4
15235,4,5,1,-1
15236,10,4,6,6
15237,5,0,5,5
15238,2,0,2,2
15239,0,1,1,-1
15240,6,7,1,-1
15241,3,6,3,-3
15242,0,1,1,-1
15243,3,4,1,-1
15244,7,1,6,6
15245,3,8,5,-5
15246,6,2,4,4
15247,1,3,2,-2
15248,2,3,1,-1
15249,7,4,3,3
15250,0,6,6,-6
15251,5,6,1,-1
15252,1,4,3,-3
15253,2,1,1,1
15254,2,8,6,-6
15255,4,3,1,1
15256,1,12,11,-11
15257,2,8,6,-6
15258,12,3,9,9
15259,4,7,3,-3
15260,3,10,7,-7
15261,4,3,1,1
15262,8,5,3,3
15263,3,4,1,-1
15264,5,7,2,-2
15265,8,4,4,4
15266,3,13,10,-10
15267,4,3,1,1
15268,9,15,6,-6
15269,3,2,1,1
15270,1,3,2,-2
15271,4,5,1,-1
15272,3,4,1,-1
15273,9,8,1,1
15274,2,0,2,2
15275,8,2,6,6
15276,2,4,2,-2
15277,3,1,2,2
15278,9,1,8,8
15279,6,2,4,4
15280,3,8,5,-5
15281,1,2,1,-1
15282,2,7,5,-5
15283,6,4,2,2
15284,5,7,2,-2
15285,4,1,3,3
15286,7,2,5,5
15287,4,1,3,3
15288,9,1,8,8
15289,5,7,2,-2
15290,10,3,7,7
15291,2,4,2,-2
15292,2,6,4,-4
15293,2,5,3,-3
15294,5,9,4,-4
15295,5,6,1,-1
15296,6,2,4,4
15297,4,2,2,2
15298,4,11,7,-7
15299,7,8,1,-1
15300,3,12,9,-9
15301,6,5,1,1
15302,5,9,4,-4
15303,2,5,3,-3
15304,9,10,1,-1
15305,7,8,1,-1
15306,2,7,5,-5
15307,1,4,3,-3
15308,10,5,5,5
15309,7,6,1,1
15310,9,1,8,8
15311,9,4,5,5
15312,8,6,2,2
15313,6,4,2,2
15314,4,5,1,-1
15315,2,4,2,-2
15316,5,4,1,1
15317,2,1,1,1
15318,2,6,4,-4
15319,5,3,2,2
15320,3,6,3,-3
15321,7,3,4,4
15322,2,7,5,-5
15323,8,3,5,5
15324,4,5,1,-1
15325,4,2,2,2
15326,2,10,8,-8
15327,1,5,4,-4
15328,7,2,5,5
15329,9,2,7,7
15330,2,6,4,-4
15331,2,3,1,-1
15332,3,9,6,-6
15333,2,4,2,-2
15334,8,3,5,5
15335,3,5,2,-2
15336,0,2,2,-2
15337,11,8,3,3
15338,10,0,10,10
15339,6,0,6,6
15340,0,1,1,-1
15341,4,3,1,1
15342,9,11,2,-2
15343,6,2,4,4
15344,7,3,4,4
15345,5,10,5,-5
15346,4,7,3,-3
15347,4,16,12,-12
15348,1,4,3,-3
15349,8,5,3,3
15350,4,0,4,4
15351,5,0,5,5
15352,4,17,13,-13
15353,1,3,2,-2
15354,10,3,7,7
15355,6,4,2,2
15356,5,1,4,4
15357,3,0,3,3
15358,9,13,4,-4
15359,4,5,1,-1
15360,4,5,1,-1
15361,3,6,3,-3
15362,1,5,4,-4
15363,0,7,7,-7
15364,4,5,1,-1
15365,1,2,1,-1
15366,7,2,5,5
15367,2,3,1,-1
15368,1,3,2,-2
15369,2,1,1,1
15370,7,2,5,5
15371,6,14,8,-8
15372,7,12,5,-5
15373,4,5,1,-1
15374,5,4,1,1
15375,3,0,3,3
15376,4,6,2,-2
15377,6,0,6,6
15378,2,7,5,-5
15379,11,4,7,7
15380,3,4,1,-1
15381,4,1,3,3
15382,16,13,3,3
15383,5,6,1,-1
15384,5,2,3,3
15385,1,6,5,-5
15386,3,10,7,-7
15387,2,12,10,-10
15388,4,2,2,2
15389,3,7,4,-4
15390,0,6,6,-6
15391,2,7,5,-5
15392,2,4,2,-2
15393,6,2,4,4
15394,3,6,3,-3
15395,9,2,7,7
15396,0,4,4,-4
15397,5,1,4,4
15398,8,6,2,2
15399,4,6,2,-2
15400,1,7,6,-6
15401,4,7,3,-3
15402,5,6,1,-1
15403,7,4,3,3
15404,4,10,6,-6
15405,3,5,2,-2
15406,3,6,3,-3
15407,0,4,4,-4
15408,6,4,2,2
15409,6,3,3,3
15410,7,8,1,-1
15411,3,4,1,-1
15412,4,7,3,-3
15413,1,3,2,-2
15414,5,4,1,1
15415,0,7,7,-7
15416,2,5,3,-3
15417,2,5,3,-3
15418,7,5,2,2
15419,2,3,1,-1
15420,3,2,1,1
15421,10,9,1,1
15422,6,12,6,-6
15423,0,1,1,-1
15424,1,8,7,-7
15425,5,4,1,1
15426,10,3,7,7
15427,3,6,3,-3
15428,1,4,3,-3
15429,0,11,11,-11
15430,2,5,3,-3
15431,3,1,2,2
15432,5,6,1,-1
15433,6,4,2,2
15434,6,1,5,5
15435,6,4,2,2
15436,2,7,5,-5
15437,1,9,8,-8
15438,10,5,5,5
15439,2,3,1,-1
15440,4,6,2,-2
15441,3,6,3,-3
15442,1,7,6,-6
15443,3,4,1,-1
15444,0,5,5,-5
15445,6,7,1,-1
15446,3,4,1,-1
15447,4,5,1,-1
15448,2,3,1,-1
15449,1,3,2,-2
15450,1,3,2,-2
15451,3,4,1,-1
15452,5,3,2,2
15453,0,4,4,-4
15454,11,4,7,7
15455,7,2,5,5
15456,5,7,2,-2
15457,6,12,6,-6
15458,0,5,5,-5
15459,3,1,2,2
15460,6,3,3,3
15461,12,7,5,5
15462,1,0,1,1
15463,0,4,4,-4
15464,8,1,7,7
15465,6,5,1,1
15466,4,2,2,2
15467,1,2,1,-1
15468,1,3,2,-2
15469,10,3,7,7
15470,3,6,3,-3
15471,5,3,2,2
15472,3,5,2,-2
15473,6,5,1,1
15474,3,2,1,1
15475,5,11,6,-6
15476,5,2,3,3
15477,6,2,4,4
15478,5,7,2,-2
15479,8,1,7,7
15480,0,4,4,-4
15481,5,7,2,-2
15482,3,4,1,-1
15483,3,4,1,-1
15484,8,6,2,2
15485,1,5,4,-4
15486,1,2,1,-1
15487,7,5,2,2
15488,2,1,1,1
15489,9,3,6,6
15490,3,2,1,1
15491,6,9,3,-3
15492,3,4,1,-1
15493,4,1,3,3
15494,15,4,11,11
15495,6,1,5,5
15496,2,1,1,1
15497,4,3,1,1
15498,6,11,5,-5
15499,3,5,2,-2
15500,8,2,6,6
15501,1,2,1,-1
15502,3,5,2,-2
15503,4,7,3,-3
15504,5,1,4,4
15505,4,5,1,-1
15506,0,8,8,-8
15507,8,3,5,5
15508,3,1,2,2
15509,4,7,3,-3
15510,4,1,3,3
15511,6,4,2,2
15512,0,5,5,-5
15513,9,10,1,-1
15514,0,6,6,-6
15515,13,2,11,11
15516,6,1,5,5
15517,1,2,1,-1
15518,3,5,2,-2
15519,8,3,5,5
15520,1,2,1,-1
15521,4,5,1,-1
15522,9,4,5,5
15523,9,10,1,-1
15524,1,2,1,-1
15525,5,14,9,-9
15526,7,0,7,7
15527,2,3,1,-1
15528,9,8,1,1
15529,13,4,9,9
15530,5,11,6,-6
15531,1,4,3,-3
15532,4,5,1,-1
15533,3,2,1,1
15534,11,8,3,3
15535,2,3,1,-1
15536,10,6,4,4
15537,7,8,1,-1
15538,3,11,8,-8
15539,7,4,3,3
15540,3,1,2,2
15541,10,13,3,-3
15542,4,0,4,4
15543,5,2,3,3
15544,2,3,1,-1
15545,5,2,3,3
15546,4,3,1,1
15547,2,10,8,-8
15548,4,6,2,-2
15549,3,5,2,-2
15550,4,9,5,-5
15551,7,5,2,2
15552,2,3,1,-1
15553,3,2,1,1
15554,8,9,1,-1
15555,3,6,3,-3
15556,2,11,9,-9
15557,7,2,5,5
15558,3,6,3,-3
15559,1,10,9,-9
15560,4,1,3,3
15561,4,5,1,-1
15562,5,1,4,4
15563,10,4,6,6
15564,4,1,3,3
15565,5,1,4,4
15566,6,4,2,2
15567,2,7,5,-5
15568,8,6,2,2
15569,4,6,2,-2
15570,13,2,11,11
15571,8,5,3,3
15572,13,3,10,10
15573,8,4,4,4
15574,2,3,1,-1
15575,4,2,2,2
15576,3,10,7,-7
15577,8,2,6,6
15578,2,3,1,-1
15579,5,1,4,4
15580,0,6,6,-6
15581,2,3,1,-1
15582,1,5,4,-4
15583,5,1,4,4
15584,10,2,8,8
15585,7,5,2,2
15586,1,0,1,1
15587,2,4,2,-2
15588,2,6,4,-4
15589,2,13,11,-11
15590,4,5,1,-1
15591,5,16,11,-11
15592,7,6,1,1
15593,7,1,6,6
15594,6,4,2,2
15595,3,4,1,-1
15596,6,10,4,-4
15597,6,9,3,-3
15598,4,3,1,1
15599,4,1,3,3
15600,3,7,4,-4
15601,4,3,1,1
15602,6,11,5,-5
15603,1,2,1,-1
15604,2,3,1,-1
15605,0,6,6,-6
15606,1,2,1,-1
15607,4,7,3,-3
15608,2,0,2,2
15609,5,1,4,4
15610,5,10,5,-5
15611,1,2,1,-1
15612,0,3,3,-3
15613,6,0,6,6
15614,5,1,4,4
15615,3,6,3,-3
15616,5,4,1,1
15617,3,1,2,2
15618,4,7,3,-3
15619,7,8,1,-1
15620,7,10,3,-3
15621,3,4,1,-1
15622,3,2,1,1
15623,1,4,3,-3
15624,5,3,2,2
15625,3,1,2,2
15626,0,1,1,-1
15627,10,7,3,3
15628,3,1,2,2
15629,0,6,6,-6
15630,2,4,2,-2
15631,2,3,1,-1
15632,10,14,4,-4
15633,8,4,4,4
15634,3,5,2,-2
15635,8,2,6,6
15636,4,2,2,2
15637,4,3,1,1
15638,2,3,1,-1
15639,3,2,1,1
15640,1,2,1,-1
15641,15,4,11,11
15642,2,7,5,-5
15643,8,6,2,2
15644,1,6,5,-5
15645,1,5,4,-4
15646,2,3,1,-1
15647,5,6,1,-1
15648,8,9,1,-1
15649,4,2,2,2
15650,4,6,2,-2
15651,2,5,3,-3
15652,7,2,5,5
15653,3,4,1,-1
15654,0,3,3,-3
15655,3,4,1,-1
15656,7,6,1,1
15657,5,4,1,1
15658,7,8,1,-1
15659,4,5,1,-1
15660,7,3,4,4
15661,3,4,1,-1
15662,7,4,3,3
15663,7,6,1,1
15664,2,4,2,-2
15665,5,3,2,2
15666,7,4,3,3
15667,3,6,3,-3
15668,2,3,1,-1
15669,7,5,2,2
15670,13,4,9,9
15671,3,5,2,-2
15672,3,4,1,-1
15673,8,7,1,1
15674,8,6,2,2
15675,13,4,9,9
15676,10,9,1,1
15677,5,4,1,1
15678,3,5,2,-2
15679,6,8,2,-2
15680,4,5,1,-1
15681,7,3,4,4
15682,0,5,5,-5
15683,6,8,2,-2
15684,10,8,2,2
15685,6,0,6,6
15686,13,5,8,8
15687,1,2,1,-1
15688,4,5,1,-1
15689,3,10,7,-7
15690,1,0,1,1
15691,3,0,3,3
15692,6,11,5,-5
15693,6,9,3,-3
15694,5,6,1,-1
15695,1,6,5,-5
15696,3,2,1,1
15697,6,7,1,-1
15698,5,12,7,-7
15699,2,5,3,-3
15700,9,3,6,6
15701,1,6,5,-5
15702,7,1,6,6
15703,11,6,5,5
15704,2,6,4,-4
15705,2,5,3,-3
15706,0,3,3,-3
15707,7,9,2,-2
15708,1,6,5,-5
15709,3,2,1,1
15710,3,4,1,-1
15711,7,8,1,-1
15712,4,2,2,2
15713,2,6,4,-4
15714,9,6,3,3
15715,7,13,6,-6
15716,8,0,8,8
15717,8,3,5,5
15718,11,8,3,3
15719,5,9,4,-4
15720,5,4,1,1
15721,8,3,5,5
15722,4,11,7,-7
15723,7,1,6,6
15724,4,0,4,4
15725,5,7,2,-2
15726,8,4,4,4
15727,7,1,6,6
15728,2,5,3,-3
15729,8,2,6,6
15730,4,3,1,1
15731,5,3,2,2
15732,7,2,5,5
15733,14,9,5,5
15734,6,5,1,1
15735,11,7,4,4
15736,13,11,2,2
15737,0,5,5,-5
15738,10,4,6,6
15739,6,9,3,-3
15740,3,10,7,-7
15741,7,9,2,-2
15742,1,7,6,-6
15743,8,1,7,7
15744,0,4,4,-4
15745,9,8,1,1
15746,3,0,3,3
15747,9,2,7,7
15748,5,3,2,2
15749,0,7,7,-7
15750,12,6,6,6
15751,3,2,1,1
15752,2,4,2,-2
15753,5,6,1,-1
15754,1,2,1,-1
15755,12,6,6,6
15756,3,5,2,-2
15757,10,7,3,3
15758,4,1,3,3
15759,5,8,3,-3
15760,8,1,7,7
15761,3,4,1,-1
15762,4,2,2,2
15763,4,13,9,-9
15764,4,5,1,-1
15765,0,5,5,-5
15766,3,2,1,1
15767,7,3,4,4
15768,2,5,3,-3
15769,10,2,8,8
15770,2,1,1,1
15771,6,4,2,2
15772,7,5,2,2
15773,0,5,5,-5
15774,2,10,8,-8
15775,3,4,1,-1
15776,6,7,1,-1
15777,1,7,6,-6
15778,2,3,1,-1
15779,21,2,19,19
15780,7,6,1,1
15781,5,17,12,-12
15782,4,2,2,2
15783,6,12,6,-6
15784,3,2,1,1
15785,6,9,3,-3
15786,5,6,1,-1
15787,1,9,8,-8
15788,1,6,5,-5
15789,3,4,1,-1
15790,6,2,4,4
15791,1,2,1,-1
15792,0,3,3,-3
15793,9,4,5,5
15794,5,10,5,-5
15795,4,1,3,3
15796,4,5,1,-1
15797,6,3,3,3
15798,4,9,5,-5
15799,5,1,4,4
15800,1,17,16,-16
15801,5,4,1,1
15802,5,2,3,3
15803,1,4,3,-3
15804,3,14,11,-11
15805,2,7,5,-5
15806,6,3,3,3
15807,8,9,1,-1
15808,1,12,11,-11
15809,5,12,7,-7
15810,2,8,6,-6
15811,3,5,2,-2
15812,1,2,1,-1
15813,3,1,2,2
15814,2,4,2,-2
15815,2,6,4,-4
15816,8,4,4,4
15817,4,10,6,-6
15818,5,7,2,-2
15819,6,8,2,-2
15820,2,8,6,-6
15821,1,3,2,-2
15822,4,2,2,2
15823,1,0,1,1
15824,7,2,5,5
15825,9,0,9,9
15826,1,12,11,-11
15827,2,5,3,-3
15828,4,11,7,-7
15829,13,5,8,8
15830,3,8,5,-5
15831,5,7,2,-2
15832,9,5,4,4
15833,4,1,3,3
15834,5,2,3,3
15835,1,5,4,-4
15836,7,3,4,4
15837,5,2,3,3
15838,5,2,3,3
15839,6,11,5,-5
15840,0,5,5,-5
15841,12,2,10,10
15842,8,9,1,-1
15843,0,4,4,-4
15844,7,2,5,5
15845,2,4,2,-2
15846,13,6,7,7
15847,5,3,2,2
15848,6,4,2,2
15849,2,4,2,-2
15850,3,4,1,-1
15851,1,5,4,-4
15852,7,5,2,2
15853,4,7,3,-3
15854,5,4,1,1
15855,3,1,2,2
15856,3,4,1,-1
15857,5,1,4,4
15858,10,1,9,9
15859,4,5,1,-1
15860,4,3,1,1
15861,2,11,9,-9
15862,6,0,6,6
15863,7,9,2,-2
15864,1,5,4,-4
15865,9,5,4,4
15866,5,6,1,-1
15867,11,8,3,3
15868,2,10,8,-8
15869,9,10,1,-1
15870,3,2,1,1
15871,5,6,1,-1
15872,0,6,6,-6
15873,5,3,2,2
15874,6,10,4,-4
15875,1,3,2,-2
15876,3,4,1,-1
15877,3,1,2,2
15878,4,8,4,-4
15879,2,6,4,-4
15880,2,3,1,-1
15881,1,4,3,-3
15882,4,5,1,-1
15883,7,6,1,1
15884,3,2,1,1
15885,3,5,2,-2
15886,8,6,2,2
15887,3,2,1,1
15888,3,8,5,-5
15889,3,4,1,-1
15890,2,4,2,-2
15891,8,1,7,7
15892,6,1,5,5
15893,6,12,6,-6
15894,2,4,2,-2
15895,2,4,2,-2
15896,0,4,4,-4
15897,2,0,2,2
15898,11,7,4,4
15899,1,2,1,-1
15900,8,5,3,3
15901,15,5,10,10
15902,1,6,5,-5
15903,10,3,7,7
15904,1,3,2,-2
15905,3,7,4,-4
15906,5,1,4,4
15907,3,2,1,1
15908,6,5,1,1
15909,0,4,4,-4
15910,0,7,7,-7
15911,2,4,2,-2
15912,5,2,3,3
15913,5,3,2,2
15914,7,8,1,-1
15915,7,3,4,4
15916,4,3,1,1
15917,13,7,6,6
15918,11,2,9,9
15919,0,6,6,-6
15920,4,5,1,-1
15921,5,3,2,2
15922,1,4,3,-3
15923,7,6,1,1
15924,1,5,4,-4
15925,0,1,1,-1
15926,8,4,4,4
15927,4,5,1,-1
15928,5,2,3,3
15929,4,5,1,-1
15930,0,1,1,-1
15931,2,1,1,1
15932,1,2,1,-1
15933,4,3,1,1
15934,1,3,2,-2
15935,9,1,8,8
15936,2,4,2,-2
15937,6,7,1,-1
15938,0,5,5,-5
15939,0,6,6,-6
15940,1,8,7,-7
15941,2,4,2,-2
15942,6,1,5,5
15943,1,3,2,-2
15944,5,3,2,2
15945,8,1,7,7
15946,2,5,3,-3
15947,5,6,1,-1
15948,0,1,1,-1
15949,4,1,3,3
15950,0,1,1,-1
15951,5,0,5,5
15952,3,5,2,-2
15953,6,3,3,3
15954,2,1,1,1
15955,5,9,4,-4
15956,0,1,1,-1
15957,3,7,4,-4
15958,1,2,1,-1
15959,4,7,3,-3
15960,3,4,1,-1
15961,1,5,4,-4
15962,2,8,6,-6
15963,4,7,3,-3
15964,3,2,1,1
15965,2,10,8,-8
15966,6,8,2,-2
15967,0,4,4,-4
15968,6,2,4,4
15969,7,3,4,4
15970,1,7,6,-6
15971,3,4,1,-1
15972,6,1,5,5
15973,5,1,4,4
15974,2,1,1,1
15975,5,4,1,1
15976,10,1,9,9
15977,2,1,1,1
15978,2,3,1,-1
15979,8,4,4,4
15980,4,7,3,-3
15981,7,11,4,-4
15982,4,1,3,3
15983,11,4,7,7
15984,0,5,5,-5
15985,7,0,7,7
15986,5,6,1,-1
15987,10,4,6,6
15988,2,6,4,-4
15989,3,6,3,-3
15990,11,3,8,8
15991,1,4,3,-3
15992,9,5,4,4
15993,2,4,2,-2
15994,2,3,1,-1
15995,1,8,7,-7
15996,2,13,11,-11
15997,2,1,1,1
15998,4,1,3,3
15999,7,3,4,4
16000,3,7,4,-4
16001,9,3,6,6
16002,3,5,2,-2
16003,5,6,1,-1
16004,6,3,3,3
16005,1,5,4,-4
16006,2,1,1,1
16007,7,5,2,2
16008,1,2,1,-1
16009,1,3,2,-2
16010,2,3,1,-1
16011,0,1,1,-1
16012,2,1,1,1
16013,2,6,4,-4
16014,3,4,1,-1
16015,5,3,2,2
16016,5,2,3,3
16017,4,0,4,4
16018,3,4,1,-1
16019,5,3,2,2
16020,2,5,3,-3
16021,11,9,2,2
16022,3,4,1,-1
16023,2,7,5,-5
16024,7,4,3,3
16025,2,1,1,1
16026,3,4,1,-1
16027,14,5,9,9
16028,1,6,5,-5
16029,4,8,4,-4
16030,2,7,5,-5
16031,1,6,5,-5
16032,4,7,3,-3
16033,7,2,5,5
16034,2,3,1,-1
16035,3,5,2,-2
16036,7,8,1,-1
16037,4,5,1,-1
16038,3,13,10,-10
16039,2,1,1,1
16040,2,5,3,-3
16041,2,3,1,-1
16042,0,2,2,-2
16043,9,8,1,1
16044,2,7,5,-5
16045,3,0,3,3
16046,6,5,1,1
16047,4,5,1,-1
16048,9,6,3,3
16049,10,6,4,4
16050,2,3,1,-1
16051,4,2,2,2
16052,4,5,1,-1
16053,2,1,1,1
16054,6,2,4,4
16055,6,7,1,-1
16056,2,4,2,-2
16057,4,0,4,4
16058,2,7,5,-5
16059,7,5,2,2
16060,6,3,3,3
16061,9,8,1,1
16062,0,3,3,-3
16063,6,7,1,-1
16064,6,3,3,3
16065,13,0,13,13
16066,2,0,2,2
16067,6,3,3,3
16068,6,7,1,-1
16069,2,3,1,-1
16070,0,5,5,-5
16071,4,9,5,-5
16072,3,2,1,1
16073,1,3,2,-2
16074,7,4,3,3
16075,7,9,2,-2
16076,3,1,2,2
16077,4,3,1,1
16078,4,1,3,3
16079,1,4,3,-3
16080,5,7,2,-2
16081,9,7,2,2
16082,6,4,2,2
16083,8,4,4,4
16084,1,8,7,-7
16085,3,1,2,2
16086,1,11,10,-10
16087,8,1,7,7
16088,5,4,1,1
16089,1,10,9,-9
16090,2,1,1,1
16091,1,2,1,-1
16092,2,6,4,-4
16093,2,3,1,-1
16094,7,5,2,2
16095,1,3,2,-2
16096,5,4,1,1
16097,4,6,2,-2
16098,2,1,1,1
16099,4,2,2,2
16100,6,2,4,4
16101,3,5,2,-2
16102,6,14,8,-8
16103,1,2,1,-1
16104,1,5,4,-4
16105,3,8,5,-5
16106,5,6,1,-1
16107,1,2,1,-1
16108,1,12,11,-11
16109,7,9,2,-2
16110,11,6,5,5
16111,1,3,2,-2
16112,6,1,5,5
16113,6,0,6,6
16114,4,1,3,3
16115,2,5,3,-3
16116,3,6,3,-3
16117,2,3,1,-1
16118,6,5,1,1
16119,3,6,3,-3
16120,1,2,1,-1
16121,1,9,8,-8
16122,9,5,4,4
16123,4,1,3,3
16124,4,2,2,2
16125,0,11,11,-11
16126,3,5,2,-2
16127,7,2,5,5
16128,1,2,1,-1
16129,3,5,2,-2
16130,5,3,2,2
16131,0,8,8,-8
16132,0,11,11,-11
16133,4,6,2,-2
16134,3,5,2,-2
16135,3,5,2,-2
16136,6,2,4,4
16137,1,2,1,-1
16138,6,7,1,-1
16139,3,14,11,-11
16140,4,5,1,-1
16141,2,4,2,-2
16142,4,6,2,-2
16143,3,2,1,1
16144,1,3,2,-2
16145,12,5,7,7
16146,1,2,1,-1
16147,2,1,1,1
16148,3,0,3,3
16149,14,1,13,13
16150,0,5,5,-5
16151,6,5,1,1
16152,3,7,4,-4
16153,4,5,1,-1
16154,1,5,4,-4
16155,10,6,4,4
16156,5,11,6,-6
16157,2,1,1,1
16158,4,5,1,-1
16159,3,2,1,1
16160,10,4,6,6
16161,5,3,2,2
16162,2,3,1,-1
16163,5,7,2,-2
16164,3,7,4,-4
16165,1,7,6,-6
16166,8,13,5,-5
16167,3,2,1,1
16168,6,8,2,-2
16169,2,3,1,-1
16170,13,5,8,8
16171,1,2,1,-1
16172,3,1,2,2
16173,5,9,4,-4
16174,1,3,2,-2
16175,0,12,12,-12
16176,8,3,5,5
16177,4,8,4,-4
16178,4,5,1,-1
16179,5,4,1,1
16180,2,12,10,-10
16181,4,5,1,-1
16182,3,12,9,-9
16183,8,6,2,2
16184,5,3,2,2
16185,2,9,7,-7
16186,6,3,3,3
16187,4,1,3,3
16188,4,1,3,3
16189,3,2,1,1
16190,2,3,1,-1
16191,2,5,3,-3
16192,0,7,7,-7
16193,4,2,2,2
16194,3,2,1,1
16195,7,5,2,2
16196,3,4,1,-1
16197,0,5,5,-5
16198,4,3,1,1
16199,7,13,6,-6
16200,7,2,5,5
16201,4,6,2,-2
16202,6,2,4,4
16203,2,3,1,-1
16204,5,3,2,2
16205,9,0,9,9
16206,2,3,1,-1
16207,5,4,1,1
16208,0,1,1,-1
16209,1,5,4,-4
16210,2,4,2,-2
16211,5,6,1,-1
16212,3,2,1,1
16213,2,4,2,-2
16214,5,2,3,3
16215,4,0,4,4
16216,6,8,2,-2
16217,3,7,4,-4
16218,15,6,9,9
16219,6,12,6,-6
16220,0,3,3,-3
16221,3,5,2,-2
16222,7,9,2,-2
16223,13,5,8,8
16224,7,1,6,6
16225,10,2,8,8
16226,3,1,2,2
16227,5,3,2,2
16228,1,7,6,-6
16229,2,3,1,-1
16230,3,1,2,2
16231,1,3,2,-2
16232,6,3,3,3
16233,3,9,6,-6
16234,10,7,3,3
16235,5,8,3,-3
16236,7,3,4,4
16237,6,5,1,1
16238,6,3,3,3
16239,0,1,1,-1
16240,1,3,2,-2
16241,2,3,1,-1
16242,0,3,3,-3
16243,5,7,2,-2
16244,4,3,1,1
16245,4,9,5,-5
16246,8,7,1,1
16247,4,3,1,1
16248,4,5,1,-1
16249,3,5,2,-2
16250,7,5,2,2
16251,7,5,2,2
16252,1,2,1,-1
16253,5,6,1,-1
16254,9,2,7,7
16255,1,5,4,-4
16256,7,5,2,2
16257,3,9,6,-6
16258,0,2,2,-2
16259,2,1,1,1
16260,5,3,2,2
16261,4,6,2,-2
16262,7,4,3,3
16263,3,1,2,2
16264,9,4,5,5
16265,2,3,1,-1
16266,0,1,1,-1
16267,1,3,2,-2
16268,4,5,1,-1
16269,0,7,7,-7
16270,1,3,2,-2
16271,6,2,4,4
16272,1,0,1,1
16273,3,4,1,-1
16274,3,2,1,1
16275,4,0,4,4
16276,2,3,1,-1
16277,4,7,3,-3
16278,4,2,2,2
16279,4,14,10,-10
16280,1,2,1,-1
16281,15,7,8,8
16282,10,2,8,8
16283,9,6,3,3
16284,12,9,3,3
16285,3,4,1,-1
16286,3,11,8,-8
16287,9,0,9,9
16288,0,4,4,-4
16289,4,9,5,-5
16290,3,13,10,-10
16291,7,3,4,4
16292,3,6,3,-3
16293,3,6,3,-3
16294,5,8,3,-3
16295,5,3,2,2
16296,2,13,11,-11
16297,5,1,4,4
16298,4,2,2,2
16299,7,4,3,3
16300,8,6,2,2
16301,6,10,4,-4
16302,5,2,3,3
16303,8,5,3,3
16304,3,6,3,-3
16305,1,5,4,-4
16306,3,5,2,-2
16307,4,8,4,-4
16308,4,3,1,1
16309,2,0,2,2
16310,2,4,2,-2
16311,8,4,4,4
16312,4,8,4,-4
16313,8,7,1,1
16314,11,5,6,6
16315,2,3,1,-1
16316,3,6,3,-3
16317,2,6,4,-4
16318,6,7,1,-1
16319,2,16,14,-14
16320,4,5,1,-1
16321,11,4,7,7
16322,12,3,9,9
16323,8,4,4,4
16324,7,0,7,7
16325,2,9,7,-7
16326,6,4,2,2
16327,11,3,8,8
16328,4,5,1,-1
16329,3,7,4,-4
16330,1,5,4,-4
16331,6,7,1,-1
16332,8,7,1,1
16333,1,9,8,-8
16334,3,2,1,1
16335,3,2,1,1
16336,3,1,2,2
16337,0,1,1,-1
16338,2,8,6,-6
16339,2,5,3,-3
16340,6,10,4,-4
16341,6,3,3,3
16342,5,4,1,1
16343,8,5,3,3
16344,6,7,1,-1
16345,5,3,2,2
16346,1,3,2,-2
16347,6,1,5,5
16348,8,5,3,3
16349,12,6,6,6
16350,1,15,14,-14
16351,4,5,1,-1
16352,7,5,2,2
16353,4,2,2,2
16354,0,4,4,-4
16355,1,4,3,-3
16356,3,6,3,-3
16357,2,6,4,-4
16358,15,5,10,10
16359,4,3,1,1
16360,4,3,1,1
16361,8,1,7,7
16362,10,7,3,3
16363,4,1,3,3
16364,8,2,6,6
16365,7,4,3,3
16366,0,2,2,-2
16367,2,6,4,-4
16368,5,13,8,-8
16369,10,3,7,7
16370,1,6,5,-5
16371,2,3,1,-1
16372,10,12,2,-2
16373,7,2,5,5
16374,6,5,1,1
16375,4,6,2,-2
16376,5,13,8,-8
16377,4,5,1,-1
16378,3,4,1,-1
16379,1,8,7,-7
16380,8,2,6,6
16381,6,9,3,-3
16382,4,5,1,-1
16383,4,5,1,-1
16384,8,9,1,-1
16385,7,10,3,-3
16386,7,0,7,7
16387,15,8,7,7
16388,9,0,9,9
16389,2,3,1,-1
16390,10,2,8,8
16391,4,5,1,-1
16392,6,7,1,-1
16393,6,2,4,4
16394,7,6,1,1
16395,2,9,7,-7
16396,6,7,1,-1
16397,4,3,1,1
16398,6,5,1,1
16399,4,7,3,-3
16400,1,8,7,-7
16401,5,1,4,4
16402,12,2,10,10
16403,2,6,4,-4
16404,6,5,1,1
16405,3,2,1,1
16406,0,10,10,-10
16407,2,8,6,-6
16408,2,8,6,-6
16409,11,9,2,2
16410,1,11,10,-10
16411,9,2,7,7
16412,2,4,2,-2
16413,3,1,2,2
16414,2,1,1,1
16415,9,5,4,4
16416,0,2,2,-2
16417,5,3,2,2
16418,2,4,2,-2
16419,2,3,1,-1
16420,5,10,5,-5
16421,1,2,1,-1
16422,7,6,1,1
16423,4,8,4,-4
16424,6,7,1,-1
16425,4,0,4,4
16426,4,11,7,-7
16427,9,0,9,9
16428,3,2,1,1
16429,1,9,8,-8
16430,2,0,2,2
16431,3,4,1,-1
16432,1,0,1,1
16433,5,7,2,-2
16434,6,2,4,4
16435,8,9,1,-1
16436,18,9,9,9
16437,2,4,2,-2
16438,3,1,2,2
16439,5,1,4,4
16440,1,8,7,-7
16441,1,9,8,-8
16442,8,3,5,5
16443,1,9,8,-8
16444,5,1,4,4
16445,2,1,1,1
16446,2,7,5,-5
16447,7,4,3,3
16448,0,3,3,-3
16449,5,9,4,-4
16450,1,0,1,1
16451,4,6,2,-2
16452,1,7,6,-6
16453,5,3,2,2
16454,7,4,3,3
16455,5,3,2,2
16456,9,4,5,5
16457,1,5,4,-4
16458,5,0,5,5
16459,3,4,1,-1
16460,8,2,6,6
16461,9,10,1,-1
16462,6,5,1,1
16463,0,1,1,-1
16464,0,3,3,-3
16465,1,7,6,-6
16466,5,4,1,1
16467,6,3,3,3
16468,1,8,7,-7
16469,10,8,2,2
16470,6,7,1,-1
16471,8,5,3,3
16472,1,2,1,-1
16473,0,9,9,-9
16474,6,3,3,3
16475,3,1,2,2
16476,4,0,4,4
16477,5,2,3,3
16478,3,2,1,1
16479,10,6,4,4
16480,0,4,4,-4
16481,6,3,3,3
16482,3,1,2,2
16483,2,4,2,-2
16484,4,5,1,-1
16485,4,14,10,-10
16486,12,1,11,11
16487,8,15,7,-7
16488,3,4,1,-1
16489,6,4,2,2
16490,6,7,1,-1
16491,5,3,2,2
16492,4,9,5,-5
16493,0,7,7,-7
16494,1,3,2,-2
16495,5,8,3,-3
16496,3,8,5,-5
16497,3,9,6,-6
16498,3,2,1,1
16499,2,6,4,-4
16500,5,13,8,-8
16501,0,7,7,-7
16502,7,8,1,-1
16503,13,0,13,13
16504,2,3,1,-1
16505,1,0,1,1
16506,9,6,3,3
16507,1,12,11,-11
16508,3,1,2,2
16509,3,2,1,1
16510,9,4,5,5
16511,10,4,6,6
16512,1,4,3,-3
16513,5,0,5,5
16514,10,4,6,6
16515,5,0,5,5
16516,1,2,1,-1
16517,6,9,3,-3
16518,2,11,9,-9
16519,0,1,1,-1
16520,3,1,2,2
16521,3,1,2,2
16522,5,1,4,4
16523,4,13,9,-9
16524,7,4,3,3
16525,5,3,2,2
16526,2,9,7,-7
16527,5,1,4,4
16528,4,9,5,-5
16529,0,1,1,-1
16530,3,4,1,-1
16531,0,6,6,-6
16532,5,8,3,-3
16533,3,6,3,-3
16534,7,8,1,-1
16535,1,8,7,-7
16536,6,5,1,1
16537,1,2,1,-1
16538,4,0,4,4
16539,2,4,2,-2
16540,3,5,2,-2
16541,4,3,1,1
16542,4,5,1,-1
16543,4,8,4,-4
16544,1,3,2,-2
16545,5,4,1,1
16546,7,8,1,-1
16547,3,7,4,-4
16548,0,3,3,-3
16549,2,1,1,1
16550,4,7,3,-3
16551,3,2,1,1
16552,4,3,1,1
16553,0,3,3,-3
16554,5,3,2,2
16555,6,8,2,-2
16556,4,8,4,-4
16557,2,3,1,-1
16558,3,4,1,-1
16559,5,4,1,1
16560,1,14,13,-13
16561,1,8,7,-7
16562,5,6,1,-1
16563,0,7,7,-7
16564,10,8,2,2
16565,1,3,2,-2
16566,2,5,3,-3
16567,2,1,1,1
16568,2,4,2,-2
16569,5,8,3,-3
16570,6,9,3,-3
16571,4,5,1,-1
16572,6,4,2,2
16573,0,8,8,-8
16574,2,6,4,-4
16575,7,6,1,1
16576,11,4,7,7
16577,16,2,14,14
16578,8,11,3,-3
16579,3,8,5,-5
16580,8,10,2,-2
16581,1,2,1,-1
16582,2,3,1,-1
16583,7,14,7,-7
16584,4,2,2,2
16585,4,1,3,3
16586,8,4,4,4
16587,1,0,1,1
16588,0,2,2,-2
16589,3,8,5,-5
16590,2,5,3,-3
16591,3,11,8,-8
16592,11,2,9,9
16593,10,3,7,7
16594,5,7,2,-2
16595,4,12,8,-8
16596,3,2,1,1
16597,1,9,8,-8
16598,9,4,5,5
16599,1,5,4,-4
16600,1,3,2,-2
16601,6,4,2,2
16602,7,4,3,3
16603,5,2,3,3
16604,5,6,1,-1
16605,6,5,1,1
16606,13,11,2,2
16607,0,1,1,-1
16608,4,2,2,2
16609,5,3,2,2
16610,7,6,1,1
16611,2,3,1,-1
16612,5,2,3,3
16613,8,5,3,3
16614,4,7,3,-3
16615,1,5,4,-4
16616,2,0,2,2
16617,10,0,10,10
16618,5,3,2,2
16619,6,2,4,4
16620,11,5,6,6
16621,3,5,2,-2
16622,10,7,3,3
16623,6,14,8,-8
16624,7,3,4,4
16625,5,0,5,5
16626,0,6,6,-6
16627,2,10,8,-8
16628,6,2,4,4
16629,7,2,5,5
16630,12,6,6,6
16631,1,2,1,-1
16632,4,6,2,-2
16633,0,2,2,-2
16634,4,3,1,1
16635,10,3,7,7
16636,6,7,1,-1
16637,2,3,1,-1
16638,10,7,3,3
16639,11,2,9,9
16640,5,3,2,2
16641,3,2,1,1
16642,2,5,3,-3
16643,4,3,1,1
16644,5,12,7,-7
16645,9,7,2,2
16646,5,1,4,4
16647,7,9,2,-2
16648,4,7,3,-3
16649,5,6,1,-1
16650,5,6,1,-1
16651,0,2,2,-2
16652,1,4,3,-3
16653,3,8,5,-5
16654,6,7,1,-1
16655,6,3,3,3
16656,5,6,1,-1
16657,1,3,2,-2
16658,0,6,6,-6
16659,1,2,1,-1
16660,3,4,1,-1
16661,7,2,5,5
16662,4,5,1,-1
16663,7,10,3,-3
16664,4,5,1,-1
16665,3,6,3,-3
16666,1,4,3,-3
16667,1,14,13,-13
16668,12,5,7,7
16669,4,1,3,3
16670,2,1,1,1
16671,2,7,5,-5
16672,3,4,1,-1
16673,2,0,2,2
16674,5,4,1,1
16675,5,7,2,-2
16676,3,2,1,1
16677,13,3,10,10
16678,7,6,1,1
16679,6,4,2,2
16680,1,4,3,-3
16681,4,3,1,1
16682,4,1,3,3
16683,3,4,1,-1
16684,4,5,1,-1
16685,8,5,3,3
16686,6,5,1,1
16687,11,3,8,8
16688,1,2,1,-1
16689,1,2,1,-1
16690,1,5,4,-4
16691,14,3,11,11
16692,2,3,1,-1
16693,11,3,8,8
16694,3,4,1,-1
16695,5,0,5,5
16696,8,7,1,1
16697,3,6,3,-3
16698,1,5,4,-4
16699,0,3,3,-3
16700,2,3,1,-1
16701,2,0,2,2
16702,3,1,2,2
16703,9,5,4,4
16704,7,1,6,6
16705,4,2,2,2
16706,3,2,1,1
16707,11,8,3,3
16708,5,3,2,2
16709,10,3,7,7
16710,0,3,3,-3
16711,8,0,8,8
16712,3,2,1,1
16713,2,1,1,1
16714,2,3,1,-1
16715,8,1,7,7
16716,2,12,10,-10
16717,4,11,7,-7
16718,2,4,2,-2
16719,4,3,1,1
16720,16,3,13,13
16721,8,2,6,6
16722,2,3,1,-1
16723,9,12,3,-3
16724,7,12,5,-5
16725,0,3,3,-3
16726,2,6,4,-4
16727,4,0,4,4
16728,4,1,3,3
16729,1,8,7,-7
16730,8,0,8,8
16731,6,3,3,3
16732,1,8,7,-7
16733,8,1,7,7
16734,3,2,1,1
16735,5,4,1,1
16736,0,3,3,-3
16737,6,2,4,4
16738,4,11,7,-7
16739,7,5,2,2
16740,4,6,2,-2
16741,5,3,2,2
16742,6,4,2,2
16743,2,4,2,-2
16744,4,3,1,1
16745,2,1,1,1
16746,1,0,1,1
16747,6,1,5,5
16748,6,9,3,-3
16749,4,8,4,-4
16750,8,0,8,8
16751,2,0,2,2
16752,8,1,7,7
16753,6,11,5,-5
16754,7,5,2,2
16755,7,0,7,7
16756,2,6,4,-4
16757,3,1,2,2
16758,7,0,7,7
16759,0,1,1,-1
16760,7,2,5,5
16761,7,6,1,1
16762,5,7,2,-2
16763,1,2,1,-1
16764,5,1,4,4
16765,14,5,9,9
16766,3,7,4,-4
16767,5,4,1,1
16768,15,2,13,13
16769,2,6,4,-4
16770,5,0,5,5
16771,4,5,1,-1
16772,4,7,3,-3
16773,4,11,7,-7
16774,7,4,3,3
16775,6,0,6,6
16776,6,7,1,-1
16777,3,2,1,1
16778,7,2,5,5
16779,4,5,1,-1
16780,9,7,2,2
16781,7,8,1,-1
16782,0,3,3,-3
16783,3,4,1,-1
16784,2,8,6,-6
16785,1,6,5,-5
16786,5,2,3,3
16787,5,6,1,-1
16788,0,1,1,-1
16789,2,3,1,-1
16790,2,1,1,1
16791,11,2,9,9
16792,6,2,4,4
16793,3,7,4,-4
16794,11,3,8,8
16795,10,4,6,6
16796,7,3,4,4
16797,0,8,8,-8
16798,2,3,1,-1
16799,0,8,8,-8
16800,3,2,1,1
16801,0,4,4,-4
16802,1,2,1,-1
16803,4,5,1,-1
16804,9,5,4,4
16805,3,10,7,-7
16806,3,7,4,-4
16807,5,2,3,3
16808,9,10,1,-1
16809,2,6,4,-4
16810,3,1,2,2
16811,4,7,3,-3
16812,3,6,3,-3
16813,2,3,1,-1
16814,5,4,1,1
16815,3,0,3,3
16816,5,2,3,3
16817,3,8,5,-5
16818,4,2,2,2
16819,3,2,1,1
16820,2,3,1,-1
16821,2,5,3,-3
16822,5,3,2,2
16823,1,2,1,-1
16824,3,4,1,-1
16825,7,3,4,4
16826,2,3,1,-1
16827,5,2,3,3
16828,1,2,1,-1
16829,8,1,7,7
16830,2,1,1,1
16831,10,2,8,8
16832,5,3,2,2
16833,4,5,1,-1
16834,1,6,5,-5
16835,10,5,5,5
16836,2,0,2,2
16837,0,1,1,-1
16838,6,3,3,3
16839,5,4,1,1
16840,6,7,1,-1
16841,2,5,3,-3
16842,5,1,4,4
16843,3,4,1,-1
16844,6,5,1,1
16845,1,2,1,-1
16846,11,5,6,6
16847,5,4,1,1
16848,2,9,7,-7
16849,1,11,10,-10
16850,3,9,6,-6
16851,8,3,5,5
16852,4,1,3,3
16853,4,3,1,1
16854,3,8,5,-5
16855,3,2,1,1
16856,5,3,2,2
16857,2,5,3,-3
16858,2,0,2,2
16859,9,2,7,7
16860,4,2,2,2
16861,0,2,2,-2
16862,4,7,3,-3
16863,6,3,3,3
16864,1,3,2,-2
16865,8,9,1,-1
16866,2,1,1,1
16867,2,3,1,-1
16868,4,10,6,-6
16869,3,8,5,-5
16870,10,6,4,4
16871,10,1,9,9
16872,3,0,3,3
16873,2,1,1,1
16874,0,9,9,-9
16875,0,5,5,-5
16876,2,5,3,-3
16877,3,2,1,1
16878,4,5,1,-1
16879,5,10,5,-5
16880,5,6,1,-1
16881,2,7,5,-5
16882,1,6,5,-5
16883,8,1,7,7
16884,7,4,3,3
16885,10,4,6,6
16886,2,3,1,-1
16887,5,0,5,5
16888,6,4,2,2
16889,0,3,3,-3
16890,10,4,6,6
16891,1,14,13,-13
16892,4,6,2,-2
16893,6,1,5,5
16894,10,8,2,2
16895,6,1,5,5
16896,9,6,3,3
16897,1,2,1,-1
16898,3,0,3,3
16899,12,9,3,3
16900,1,4,3,-3
16901,4,3,1,1
16902,1,7,6,-6
16903,3,2,1,1
16904,3,4,1,-1
16905,1,3,2,-2
16906,3,4,1,-1
16907,4,2,2,2
16908,0,17,17,-17
16909,10,7,3,3
16910,3,4,1,-1
16911,1,2,1,-1
16912,1,7,6,-6
16913,7,4,3,3
16914,4,3,1,1
16915,8,3,5,5
16916,7,5,2,2
16917,3,7,4,-4
16918,12,2,10,10
16919,15,2,13,13
16920,14,4,10,10
16921,1,8,7,-7
16922,6,13,7,-7
16923,0,12,12,-12
16924,4,8,4,-4
16925,3,4,1,-1
16926,4,6,2,-2
16927,4,6,2,-2
16928,1,5,4,-4
16929,6,7,1,-1
16930,12,1,11,11
16931,6,4,2,2
16932,1,7,6,-6
16933,3,12,9,-9
16934,5,12,7,-7
16935,2,4,2,-2
16936,6,8,2,-2
16937,0,1,1,-1
16938,3,6,3,-3
16939,12,4,8,8
16940,2,5,3,-3
16941,3,5,2,-2
16942,5,8,3,-3
16943,3,2,1,1
16944,2,12,10,-10
16945,5,2,3,3
16946,4,8,4,-4
16947,5,6,1,-1
16948,2,0,2,2
16949,2,1,1,1
16950,3,0,3,3
16951,5,3,2,2
16952,7,6,1,1
16953,1,5,4,-4
16954,2,3,1,-1
16955,4,0,4,4
16956,2,5,3,-3
16957,1,1,0,0
16958,9,4,5,5
16959,2,7,5,-5
16960,3,4,1,-1
16961,3,5,2,-2
16962,1,7,6,-6
16963,3,5,2,-2
16964,3,7,4,-4
16965,7,2,5,5
16966,8,1,7,7
16967,1,5,4,-4
16968,1,3,2,-2
16969,3,5,2,-2
16970,6,2,4,4
16971,7,3,4,4
16972,1,4,3,-3
16973,5,1,4,4
16974,3,9,6,-6
16975,0,7,7,-7
16976,7,4,3,3
16977,3,0,3,3
16978,4,3,1,1
16979,6,0,6,6
16980,6,3,3,3
16981,3,7,4,-4
16982,9,8,1,1
16983,4,1,3,3
16984,5,9,4,-4
16985,3,5,2,-2
16986,4,7,3,-3
16987,4,3,1,1
16988,5,3,2,2
16989,0,3,3,-3
16990,3,4,1,-1
16991,1,2,1,-1
16992,1,8,7,-7
16993,2,1,1,1
16994,6,3,3,3
16995,3,2,1,1
16996,5,2,3,3
16997,3,2,1,1
16998,6,4,2,2
16999,2,3,1,-1
17000,0,1,1,-1
17001,7,4,3,3
17002,6,4,2,2
17003,2,5,3,-3
17004,1,7,6,-6
17005,4,10,6,-6
17006,7,10,3,-3
17007,5,6,1,-1
17008,3,4,1,-1
17009,3,7,4,-4
17010,4,3,1,1
17011,3,14,11,-11
17012,7,5,2,2
17013,0,6,6,-6
17014,2,4,2,-2
17015,2,3,1,-1
17016,3,5,2,-2
17017,0,3,3,-3
17018,1,7,6,-6
17019,2,4,2,-2
17020,8,5,3,3
17021,8,4,4,4
17022,4,0,4,4
17023,6,5,1,1
17024,2,1,1,1
17025,6,3,3,3
17026,1,2,1,-1
17027,7,6,1,1
17028,5,0,5,5
17029,4,3,1,1
17030,6,8,2,-2
17031,0,2,2,-2
17032,1,3,2,-2
17033,1,6,5,-5
17034,3,1,2,2
17035,4,6,2,-2
17036,1,3,2,-2
17037,0,3,3,-3
17038,3,5,2,-2
17039,1,9,8,-8
17040,5,0,5,5
17041,1,4,3,-3
17042,9,6,3,3
17043,3,9,6,-6
17044,4,7,3,-3
17045,2,10,8,-8
17046,2,1,1,1
17047,2,6,4,-4
17048,6,4,2,2
17049,4,3,1,1
17050,2,11,9,-9
17051,4,2,2,2
17052,3,5,2,-2
17053,1,5,4,-4
17054,5,2,3,3
17055,3,7,4,-4
17056,1,2,1,-1
17057,1,2,1,-1
17058,7,2,5,5
17059,7,6,1,1
17060,4,5,1,-1
17061,6,7,1,-1
17062,2,0,2,2
17063,1,5,4,-4
17064,5,6,1,-1
17065,3,1,2,2
17066,5,6,1,-1
17067,5,1,4,4
17068,8,10,2,-2
17069,5,10,5,-5
17070,2,11,9,-9
17071,2,4,2,-2
17072,11,6,5,5
17073,8,1,7,7
17074,3,17,14,-14
17075,4,6,2,-2
17076,1,2,1,-1
17077,4,10,6,-6
17078,4,5,1,-1
17079,4,5,1,-1
17080,2,6,4,-4
17081,1,4,3,-3
17082,7,3,4,4
17083,2,3,1,-1
17084,6,1,5,5
17085,2,3,1,-1
17086,10,6,4,4
17087,7,4,3,3
17088,2,5,3,-3
17089,3,4,1,-1
17090,5,6,1,-1
17091,5,3,2,2
17092,8,0,8,8
17093,9,10,1,-1
17094,7,3,4,4
17095,4,1,3,3
17096,7,5,2,2
17097,4,5,1,-1
17098,2,7,5,-5
17099,1,8,7,-7
17100,2,3,1,-1
17101,5,3,2,2
17102,4,3,1,1
17103,7,1,6,6
17104,1,4,3,-3
17105,6,14,8,-8
17106,1,2,1,-1
17107,2,0,2,2
17108,1,8,7,-7
17109,0,6,6,-6
17110,2,3,1,-1
17111,4,8,4,-4
17112,14,4,10,10
17113,6,2,4,4
17114,4,3,1,1
17115,3,8,5,-5
17116,5,6,1,-1
17117,1,8,7,-7
17118,1,2,1,-1
17119,1,2,1,-1
17120,7,5,2,2
17121,4,3,1,1
17122,2,0,2,2
17123,6,0,6,6
17124,5,4,1,1
17125,5,4,1,1
17126,9,2,7,7
17127,2,6,4,-4
17128,6,1,5,5
17129,8,3,5,5
17130,12,5,7,7
17131,2,1,1,1
17132,3,5,2,-2
17133,8,3,5,5
17134,4,8,4,-4
17135,10,5,5,5
17136,2,0,2,2
17137,0,4,4,-4
17138,5,1,4,4
17139,9,8,1,1
17140,3,1,2,2
17141,8,3,5,5
17142,3,4,1,-1
17143,10,4,6,6
17144,11,5,6,6
17145,1,3,2,-2
17146,2,3,1,-1
17147,2,1,1,1
17148,2,5,3,-3
17149,4,2,2,2
17150,10,4,6,6
17151,1,7,6,-6
17152,2,3,1,-1
17153,2,8,6,-6
17154,2,3,1,-1
17155,10,5,5,5
17156,7,6,1,1
17157,1,7,6,-6
17158,2,1,1,1
17159,3,4,1,-1
17160,7,2,5,5
17161,1,2,1,-1
17162,6,4,2,2
17163,2,4,2,-2
17164,8,7,1,1
17165,5,7,2,-2
17166,4,8,4,-4
17167,4,5,1,-1
17168,5,0,5,5
17169,4,2,2,2
17170,1,2,1,-1
17171,6,13,7,-7
17172,2,3,1,-1
17173,0,6,6,-6
17174,2,3,1,-1
17175,10,6,4,4
17176,0,5,5,-5
17177,1,2,1,-1
17178,2,9,7,-7
17179,6,1,5,5
17180,4,2,2,2
17181,3,1,2,2
17182,2,4,2,-2
17183,4,3,1,1
17184,4,6,2,-2
17185,5,7,2,-2
17186,4,1,3,3
17187,0,1,1,-1
17188,3,1,2,2
17189,3,9,6,-6
17190,7,8,1,-1
17191,11,4,7,7
17192,4,5,1,-1
17193,6,3,3,3
17194,4,2,2,2
17195,1,2,1,-1
17196,3,4,1,-1
17197,0,3,3,-3
17198,3,1,2,2
17199,4,7,3,-3
17200,7,0,7,7
17201,1,6,5,-5
17202,3,1,2,2
17203,7,9,2,-2
17204,3,9,6,-6
17205,4,3,1,1
17206,6,2,4,4
17207,11,2,9,9
17208,1,2,1,-1
17209,5,2,3,3
17210,2,1,1,1
17211,11,4,7,7
17212,4,1,3,3
17213,2,4,2,-2
17214,5,0,5,5
17215,1,5,4,-4
17216,8,7,1,1
17217,14,4,10,10
17218,4,7,3,-3
17219,2,0,2,2
17220,2,4,2,-2
17221,4,5,1,-1
17222,0,1,1,-1
17223,1,2,1,-1
17224,1,5,4,-4
17225,0,2,2,-2
17226,1,9,8,-8
17227,1,9,8,-8
17228,5,10,5,-5
17229,7,8,1,-1
17230,0,3,3,-3
17231,3,2,1,1
17232,2,1,1,1
17233,5,7,2,-2
17234,6,4,2,2
17235,1,4,3,-3
17236,1,2,1,-1
17237,6,2,4,4
17238,6,9,3,-3
17239,1,8,7,-7
17240,0,1,1,-1
17241,4,1,3,3
17242,5,13,8,-8
17243,6,5,1,1
17244,5,6,1,-1
17245,6,3,3,3
17246,4,3,1,1
17247,3,4,1,-1
17248,3,6,3,-3
17249,3,5,2,-2
17250,8,7,1,1
17251,0,2,2,-2
17252,3,0,3,3
17253,3,6,3,-3
17254,1,3,2,-2
17255,6,3,3,3
17256,2,6,4,-4
17257,5,11,6,-6
17258,12,8,4,4
17259,3,12,9,-9
17260,4,1,3,3
17261,3,1,2,2
17262,3,4,1,-1
17263,11,5,6,6
17264,6,3,3,3
17265,4,5,1,-1
17266,2,4,2,-2
17267,7,0,7,7
17268,5,4,1,1
17269,3,4,1,-1
17270,3,6,3,-3
17271,1,2,1,-1
17272,6,2,4,4
17273,5,7,2,-2
17274,0,8,8,-8
17275,6,4,2,2
17276,6,3,3,3
17277,2,5,3,-3
17278,1,2,1,-1
17279,7,3,4,4
17280,6,2,4,4
17281,6,2,4,4
17282,2,6,4,-4
17283,13,4,9,9
17284,11,1,10,10
17285,6,4,2,2
17286,2,5,3,-3
17287,6,7,1,-1
17288,4,8,4,-4
17289,7,11,4,-4
17290,14,3,11,11
17291,1,2,1,-1
17292,1,2,1,-1
17293,3,6,3,-3
17294,1,12,11,-11
17295,3,2,1,1
17296,3,9,6,-6
17297,15,12,3,3
17298,1,9,8,-8
17299,1,0,1,1
17300,2,1,1,1
17301,6,5,1,1
17302,1,2,1,-1
17303,2,0,2,2
17304,5,10,5,-5
17305,4,2,2,2
17306,9,19,10,-10
17307,8,1,7,7
17308,8,5,3,3
17309,11,4,7,7
17310,4,9,5,-5
17311,8,2,6,6
17312,4,7,3,-3
17313,5,6,1,-1
17314,3,4,1,-1
17315,5,8,3,-3
17316,4,5,1,-1
17317,3,1,2,2
17318,2,5,3,-3
17319,6,7,1,-1
17320,8,0,8,8
17321,3,14,11,-11
17322,2,6,4,-4
17323,16,5,11,11
17324,7,5,2,2
17325,2,3,1,-1
17326,5,1,4,4
17327,4,8,4,-4
17328,4,6,2,-2
17329,1,2,1,-1
17330,3,0,3,3
17331,3,4,1,-1
17332,2,1,1,1
17333,3,1,2,2
17334,3,5,2,-2
17335,12,2,10,10
17336,10,8,2,2
17337,3,4,1,-1
17338,5,7,2,-2
17339,7,5,2,2
17340,4,5,1,-1
17341,3,1,2,2
17342,7,3,4,4
17343,4,9,5,-5
17344,6,4,2,2
17345,11,14,3,-3
17346,6,3,3,3
17347,7,4,3,3
17348,7,6,1,1
17349,5,6,1,-1
17350,4,0,4,4
17351,11,3,8,8
17352,12,4,8,8
17353,5,3,2,2
17354,7,4,3,3
17355,3,4,1,-1
17356,6,4,2,2
17357,2,1,1,1
17358,4,12,8,-8
17359,3,6,3,-3
17360,1,4,3,-3
17361,0,2,2,-2
17362,3,5,2,-2
17363,3,10,7,-7
17364,3,4,1,-1
17365,5,2,3,3
17366,5,4,1,1
17367,5,23,18,-18
17368,2,6,4,-4
17369,4,12,8,-8
17370,3,7,4,-4
17371,2,7,5,-5
17372,7,5,2,2
17373,7,4,3,3
17374,5,2,3,3
17375,1,3,2,-2
17376,7,5,2,2
17377,10,2,8,8
17378,3,4,1,-1
17379,4,3,1,1
17380,4,2,2,2
17381,7,5,2,2
17382,5,2,3,3
17383,1,7,6,-6
17384,2,6,4,-4
17385,1,6,5,-5
17386,7,1,6,6
17387,7,9,2,-2
17388,3,8,5,-5
17389,12,3,9,9
17390,5,13,8,-8
17391,3,1,2,2
17392,2,6,4,-4
17393,1,2,1,-1
17394,6,3,3,3
17395,2,5,3,-3
17396,2,5,3,-3
17397,7,8,1,-1
17398,6,0,6,6
17399,1,9,8,-8
17400,5,11,6,-6
17401,6,4,2,2
17402,16,5,11,11
17403,4,5,1,-1
17404,2,7,5,-5
17405,4,1,3,3
17406,11,3,8,8
17407,1,2,1,-1
17408,2,4,2,-2
17409,3,2,1,1
17410,1,10,9,-9
17411,1,6,5,-5
17412,4,7,3,-3
17413,6,8,2,-2
17414,7,8,1,-1
17415,10,6,4,4
17416,4,5,1,-1
17417,2,4,2,-2
17418,3,2,1,1
17419,5,4,1,1
17420,2,4,2,-2
17421,8,3,5,5
17422,10,4,6,6
17423,8,3,5,5
17424,8,5,3,3
17425,3,11,8,-8
17426,1,5,4,-4
17427,10,0,10,10
17428,3,2,1,1
17429,3,13,10,-10
17430,6,3,3,3
17431,7,8,1,-1
17432,4,2,2,2
17433,0,4,4,-4
17434,8,2,6,6
17435,7,6,1,1
17436,2,4,2,-2
17437,1,3,2,-2
17438,3,4,1,-1
17439,7,2,5,5
17440,3,1,2,2
17441,8,4,4,4
17442,5,3,2,2
17443,11,6,5,5
17444,2,14,12,-12
17445,1,9,8,-8
17446,3,11,8,-8
17447,6,2,4,4
17448,1,2,1,-1
17449,10,2,8,8
17450,1,2,1,-1
17451,5,6,1,-1
17452,3,1,2,2
17453,11,1,10,10
17454,5,6,1,-1
17455,2,8,6,-6
17456,1,6,5,-5
17457,6,4,2,2
17458,5,4,1,1
17459,0,4,4,-4
17460,2,5,3,-3
17461,7,0,7,7
17462,5,6,1,-1
17463,6,2,4,4
17464,5,3,2,2
17465,0,4,4,-4
17466,1,0,1,1
17467,17,6,11,11
17468,6,8,2,-2
17469,3,4,1,-1
17470,2,1,1,1
17471,10,4,6,6
17472,1,12,11,-11
17473,9,4,5,5
17474,3,4,1,-1
17475,1,5,4,-4
17476,4,6,2,-2
17477,2,3,1,-1
17478,7,3,4,4
17479,2,4,2,-2
17480,7,3,4,4
17481,3,5,2,-2
17482,4,10,6,-6
17483,8,1,7,7
17484,3,4,1,-1
17485,6,5,1,1
17486,7,11,4,-4
17487,1,6,5,-5
17488,10,9,1,1
17489,11,0,11,11
17490,4,5,1,-1
17491,7,2,5,5
17492,3,8,5,-5
17493,7,3,4,4
17494,7,6,1,1
17495,6,0,6,6
17496,1,7,6,-6
17497,0,3,3,-3
17498,2,5,3,-3
17499,7,5,2,2
17500,4,7,3,-3
17501,6,5,1,1
17502,11,6,5,5
17503,6,7,1,-1
17504,2,4,2,-2
17505,1,3,2,-2
17506,1,12,11,-11
17507,3,4,1,-1
17508,7,8,1,-1
17509,1,2,1,-1
17510,7,10,3,-3
17511,4,1,3,3
17512,3,2,1,1
17513,7,1,6,6
17514,7,6,1,1
17515,3,2,1,1
17516,6,0,6,6
17517,2,5,3,-3
17518,2,7,5,-5
17519,4,11,7,-7
17520,6,2,4,4
17521,8,4,4,4
17522,4,7,3,-3
17523,2,3,1,-1
17524,3,2,1,1
17525,0,7,7,-7
17526,5,4,1,1
17527,6,3,3,3
17528,1,0,1,1
17529,2,3,1,-1
17530,5,1,4,4
17531,2,5,3,-3
17532,0,4,4,-4
17533,4,3,1,1
17534,4,0,4,4
17535,3,1,2,2
17536,4,11,7,-7
17537,1,3,2,-2
17538,3,5,2,-2
17539,4,6,2,-2
17540,4,3,1,1
17541,3,6,3,-3
17542,4,5,1,-1
17543,4,1,3,3
17544,3,4,1,-1
17545,5,6,1,-1
17546,2,7,5,-5
17547,6,4,2,2
17548,6,9,3,-3
17549,1,3,2,-2
17550,9,11,2,-2
17551,3,8,5,-5
17552,0,5,5,-5
17553,4,3,1,1
17554,5,6,1,-1
17555,1,4,3,-3
17556,11,2,9,9
17557,3,9,6,-6
17558,3,8,5,-5
17559,8,9,1,-1
17560,6,11,5,-5
17561,10,7,3,3
17562,4,6,2,-2
17563,2,3,1,-1
17564,3,7,4,-4
17565,7,2,5,5
17566,5,6,1,-1
17567,4,8,4,-4
17568,3,5,2,-2
17569,7,8,1,-1
17570,5,6,1,-1
17571,10,6,4,4
17572,4,5,1,-1
17573,5,9,4,-4
17574,12,2,10,10
17575,8,4,4,4
17576,6,2,4,4
17577,1,2,1,-1
17578,6,3,3,3
17579,6,7,1,-1
17580,6,4,2,2
17581,13,11,2,2
17582,7,1,6,6
17583,7,3,4,4
17584,9,6,3,3
17585,1,5,4,-4
17586,9,5,4,4
17587,4,5,1,-1
17588,4,8,4,-4
17589,5,7,2,-2
17590,3,0,3,3
17591,1,6,5,-5
17592,3,1,2,2
17593,6,1,5,5
17594,5,4,1,1
17595,8,12,4,-4
17596,7,4,3,3
17597,4,5,1,-1
17598,11,7,4,4
17599,0,4,4,-4
17600,3,9,6,-6
17601,9,0,9,9
17602,5,9,4,-4
17603,2,7,5,-5
17604,4,10,6,-6
17605,4,2,2,2
17606,5,6,1,-1
17607,1,5,4,-4
17608,5,1,4,4
17609,0,2,2,-2
17610,3,8,5,-5
17611,4,5,1,-1
17612,4,8,4,-4
17613,4,7,3,-3
17614,6,3,3,3
17615,12,6,6,6
17616,2,7,5,-5
17617,0,3,3,-3
17618,7,2,5,5
17619,10,1,9,9
17620,6,5,1,1
17621,3,5,2,-2
17622,5,3,2,2
17623,5,3,2,2
17624,3,4,1,-1
17625,2,3,1,-1
17626,2,1,1,1
17627,4,5,1,-1
17628,2,5,3,-3
17629,8,12,4,-4
17630,10,6,4,4
17631,5,7,2,-2
17632,3,6,3,-3
17633,9,1,8,8
17634,3,1,2,2
17635,5,7,2,-2
17636,3,9,6,-6
17637,3,0,3,3
17638,3,8,5,-5
17639,16,1,15,15
17640,5,9,4,-4
17641,3,2,1,1
17642,6,13,7,-7
17643,6,4,2,2
17644,3,6,3,-3
17645,12,5,7,7
17646,0,1,1,-1
17647,1,5,4,-4
17648,3,8,5,-5
17649,3,1,2,2
17650,5,2,3,3
17651,8,6,2,2
17652,6,4,2,2
17653,4,8,4,-4
17654,12,3,9,9
17655,8,1,7,7
17656,3,2,1,1
17657,1,5,4,-4
17658,2,5,3,-3
17659,6,4,2,2
17660,1,5,4,-4
17661,8,1,7,7
17662,14,7,7,7
17663,0,1,1,-1
17664,2,4,2,-2
17665,3,2,1,1
17666,4,5,1,-1
17667,5,6,1,-1
17668,1,4,3,-3
17669,8,7,1,1
17670,1,2,1,-1
17671,4,3,1,1
17672,3,9,6,-6
17673,8,2,6,6
17674,1,10,9,-9
17675,2,0,2,2
17676,6,11,5,-5
17677,2,6,4,-4
17678,6,2,4,4
17679,11,9,2,2
17680,4,0,4,4
17681,6,8,2,-2
17682,12,5,7,7
17683,4,5,1,-1
17684,6,1,5,5
17685,8,4,4,4
17686,6,5,1,1
17687,7,2,5,5
17688,1,5,4,-4
17689,4,3,1,1
17690,4,9,5,-5
17691,4,3,1,1
17692,6,3,3,3
17693,0,3,3,-3
17694,1,4,3,-3
17695,2,5,3,-3
17696,9,4,5,5
17697,1,5,4,-4
17698,3,7,4,-4
17699,4,0,4,4
17700,4,3,1,1
17701,1,2,1,-1
17702,4,2,2,2
17703,2,6,4,-4
17704,6,7,1,-1
17705,0,4,4,-4
17706,0,10,10,-10
17707,0,4,4,-4
17708,5,8,3,-3
17709,4,2,2,2
17710,5,2,3,3
17711,8,1,7,7
17712,2,0,2,2
17713,1,5,4,-4
17714,0,3,3,-3
17715,2,8,6,-6
17716,6,4,2,2
17717,0,2,2,-2
17718,5,2,3,3
17719,4,1,3,3
17720,6,7,1,-1
17721,3,0,3,3
17722,0,5,5,-5
17723,5,2,3,3
17724,1,6,5,-5
17725,3,4,1,-1
17726,4,5,1,-1
17727,3,6,3,-3
17728,0,3,3,-3
17729,0,6,6,-6
17730,0,3,3,-3
17731,4,3,1,1
17732,5,2,3,3
17733,2,5,3,-3
17734,3,5,2,-2
17735,2,3,1,-1
17736,1,3,2,-2
17737,4,8,4,-4
17738,4,9,5,-5
17739,2,9,7,-7
17740,5,9,4,-4
17741,8,4,4,4
17742,7,2,5,5
17743,1,7,6,-6
17744,5,3,2,2
17745,5,0,5,5
17746,3,7,4,-4
17747,1,10,9,-9
17748,4,8,4,-4
17749,8,6,2,2
17750,5,9,4,-4
17751,3,1,2,2
17752,6,5,1,1
17753,1,4,3,-3
17754,2,4,2,-2
17755,3,4,1,-1
17756,2,5,3,-3
17757,3,0,3,3
17758,5,1,4,4
17759,6,3,3,3
17760,2,3,1,-1
17761,4,5,1,-1
17762,3,5,2,-2
17763,10,7,3,3
17764,16,8,8,8
17765,10,8,2,2
17766,2,17,15,-15
17767,10,4,6,6
17768,2,7,5,-5
17769,4,5,1,-1
17770,3,0,3,3
17771,2,6,4,-4
17772,6,3,3,3
17773,9,4,5,5
17774,3,9,6,-6
17775,8,3,5,5
17776,13,7,6,6
17777,4,9,5,-5
17778,0,1,1,-1
17779,7,2,5,5
17780,5,9,4,-4
17781,4,6,2,-2
17782,2,10,8,-8
17783,7,1,6,6
17784,6,5,1,1
17785,1,2,1,-1
17786,3,1,2,2
17787,1,2,1,-1
17788,1,2,1,-1
17789,4,10,6,-6
17790,4,1,3,3
17791,3,1,2,2
17792,6,5,1,1
17793,17,6,11,11
17794,0,5,5,-5
17795,7,5,2,2
17796,4,5,1,-1
17797,3,2,1,1
17798,2,1,1,1
17799,0,2,2,-2
17800,4,2,2,2
17801,5,7,2,-2
17802,0,8,8,-8
17803,6,3,3,3
17804,12,2,10,10
17805,2,3,1,-1
17806,2,3,1,-1
17807,5,7,2,-2
17808,2,1,1,1
17809,12,7,5,5
17810,10,0,10,10
17811,5,8,3,-3
17812,11,5,6,6
17813,2,3,1,-1
17814,5,15,10,-10
17815,0,4,4,-4
17816,13,3,10,10
17817,4,12,8,-8
17818,7,1,6,6
17819,5,7,2,-2
17820,3,5,2,-2
17821,6,5,1,1
17822,0,3,3,-3
17823,10,8,2,2
17824,2,4,2,-2
17825,3,5,2,-2
17826,10,1,9,9
17827,2,7,5,-5
17828,5,2,3,3
17829,1,10,9,-9
17830,5,12,7,-7
17831,4,10,6,-6
17832,2,9,7,-7
17833,6,5,1,1
17834,7,0,7,7
17835,6,7,1,-1
17836,13,8,5,5
17837,5,6,1,-1
17838,0,3,3,-3
17839,11,1,10,10
17840,7,9,2,-2
17841,3,1,2,2
17842,3,2,1,1
17843,7,3,4,4
17844,4,7,3,-3
17845,8,0,8,8
17846,11,10,1,1
17847,1,7,6,-6
17848,7,2,5,5
17849,2,3,1,-1
17850,11,4,7,7
17851,1,3,2,-2
17852,2,4,2,-2
17853,4,2,2,2
17854,7,2,5,5
17855,7,3,4,4
17856,3,5,2,-2
17857,2,10,8,-8
17858,3,1,2,2
17859,2,10,8,-8
17860,1,13,12,-12
17861,3,11,8,-8
17862,2,1,1,1
17863,2,5,3,-3
17864,5,6,1,-1
17865,5,3,2,2
17866,7,9,2,-2
17867,5,4,1,1
17868,1,4,3,-3
17869,3,12,9,-9
17870,4,2,2,2
17871,8,10,2,-2
17872,4,7,3,-3
17873,1,14,13,-13
17874,6,5,1,1
17875,4,6,2,-2
17876,1,8,7,-7
17877,1,2,1,-1
17878,3,6,3,-3
17879,6,9,3,-3
17880,0,4,4,-4
17881,5,7,2,-2
17882,0,8,8,-8
17883,7,5,2,2
17884,5,6,1,-1
17885,1,3,2,-2
17886,4,3,1,1
17887,3,15,12,-12
17888,1,3,2,-2
17889,4,1,3,3
17890,2,5,3,-3
17891,9,5,4,4
17892,7,1,6,6
17893,1,6,5,-5
17894,11,4,7,7
17895,6,1,5,5
17896,1,9,8,-8
17897,2,1,1,1
17898,5,7,2,-2
17899,8,6,2,2
17900,2,3,1,-1
17901,5,3,2,2
17902,2,7,5,-5
17903,12,7,5,5
17904,3,6,3,-3
17905,4,0,4,4
17906,2,3,1,-1
17907,5,2,3,3
17908,3,5,2,-2
17909,3,7,4,-4
17910,9,4,5,5
17911,2,8,6,-6
17912,2,4,2,-2
17913,4,13,9,-9
17914,2,3,1,-1
17915,6,1,5,5
17916,8,1,7,7
17917,9,1,8,8
17918,4,5,1,-1
17919,6,7,1,-1
17920,12,6,6,6
17921,3,2,1,1
17922,0,7,7,-7
17923,6,3,3,3
17924,3,11,8,-8
17925,5,3,2,2
17926,1,3,2,-2
17927,3,16,13,-13
17928,4,2,2,2
17929,5,6,1,-1
17930,7,2,5,5
17931,1,11,10,-10
17932,2,1,1,1
17933,5,7,2,-2
17934,7,9,2,-2
17935,1,3,2,-2
17936,8,3,5,5
17937,8,13,5,-5
17938,5,6,1,-1
17939,5,1,4,4
17940,8,3,5,5
17941,2,4,2,-2
17942,12,6,6,6
17943,3,14,11,-11
17944,4,0,4,4
17945,4,5,1,-1
17946,1,6,5,-5
17947,2,7,5,-5
17948,3,9,6,-6
17949,11,10,1,1
17950,5,3,2,2
17951,5,6,1,-1
17952,7,10,3,-3
17953,6,1,5,5
17954,14,3,11,11
17955,1,8,7,-7
17956,14,3,11,11
17957,2,5,3,-3
17958,2,6,4,-4
17959,8,1,7,7
17960,0,6,6,-6
17961,8,5,3,3
17962,5,10,5,-5
17963,2,3,1,-1
17964,3,4,1,-1
17965,1,6,5,-5
17966,7,5,2,2
17967,7,6,1,1
17968,4,2,2,2
17969,7,20,13,-13
17970,8,1,7,7
17971,6,11,5,-5
17972,4,9,5,-5
17973,7,3,4,4
17974,5,1,4,4
17975,2,4,2,-2
17976,7,2,5,5
17977,7,6,1,1
17978,13,2,11,11
17979,5,7,2,-2
17980,10,6,4,4
17981,6,4,2,2
17982,2,1,1,1
17983,2,13,11,-11
17984,6,4,2,2
17985,6,7,1,-1
17986,9,10,1,-1
17987,8,3,5,5
17988,0,1,1,-1
17989,6,4,2,2
17990,7,2,5,5
17991,2,5,3,-3
17992,5,12,7,-7
17993,3,5,2,-2
17994,2,6,4,-4
17995,7,8,1,-1
17996,5,0,5,5
17997,3,1,2,2
17998,8,10,2,-2
17999,5,6,1,-1
18000,7,2,5,5
18001,5,4,1,1
18002,9,5,4,4
18003,3,1,2,2
18004,11,2,9,9
18005,4,13,9,-9
18006,2,1,1,1
18007,8,1,7,7
18008,6,7,1,-1
18009,4,10,6,-6
18010,11,4,7,7
18011,7,8,1,-1
18012,10,2,8,8
18013,1,5,4,-4
18014,7,5,2,2
18015,7,4,3,3
18016,5,1,4,4
18017,3,4,1,-1
18018,0,9,9,-9
18019,7,15,8,-8
18020,3,2,1,1
18021,1,7,6,-6
18022,9,3,6,6
18023,6,2,4,4
18024,2,5,3,-3
18025,4,10,6,-6
18026,5,2,3,3
18027,4,5,1,-1
18028,8,7,1,1
18029,5,7,2,-2
18030,1,2,1,-1
18031,1,5,4,-4
18032,5,4,1,1
18033,7,1,6,6
18034,7,3,4,4
18035,5,8,3,-3
18036,9,1,8,8
18037,6,5,1,1
18038,5,2,3,3
18039,3,4,1,-1
18040,7,3,4,4
18041,3,7,4,-4
18042,0,9,9,-9
18043,2,3,1,-1
18044,6,10,4,-4
18045,7,8,1,-1
18046,8,1,7,7
18047,12,0,12,12
18048,2,4,2,-2
18049,4,1,3,3
18050,2,6,4,-4
18051,7,3,4,4
18052,7,6,1,1
18053,6,3,3,3
18054,0,4,4,-4
18055,3,4,1,-1
18056,0,12,12,-12
18057,12,3,9,9
18058,7,3,4,4
18059,8,1,7,7
18060,5,6,1,-1
18061,8,3,5,5
18062,7,9,2,-2
18063,8,3,5,5
18064,8,4,4,4
18065,4,5,1,-1
18066,5,6,1,-1
18067,1,6,5,-5
18068,3,5,2,-2
18069,3,2,1,1
18070,16,5,11,11
18071,2,8,6,-6
18072,1,2,1,-1
18073,3,4,1,-1
18074,7,6,1,1
18075,5,1,4,4
18076,4,6,2,-2
18077,2,4,2,-2
18078,4,8,4,-4
18079,5,1,4,4
18080,5,7,2,-2
18081,3,8,5,-5
18082,7,5,2,2
18083,11,12,1,-1
18084,10,3,7,7
18085,3,6,3,-3
18086,11,1,10,10
18087,2,4,2,-2
18088,1,5,4,-4
18089,6,3,3,3
18090,9,0,9,9
18091,10,5,5,5
18092,12,9,3,3
18093,6,9,3,-3
18094,4,11,7,-7
18095,6,1,5,5
18096,4,5,1,-1
18097,1,6,5,-5
18098,0,2,2,-2
18099,0,1,1,-1
18100,11,4,7,7
18101,4,3,1,1
18102,5,6,1,-1
18103,4,9,5,-5
18104,3,0,3,3
18105,5,0,5,5
18106,4,5,1,-1
18107,1,2,1,-1
18108,3,13,10,-10
18109,5,15,10,-10
18110,2,9,7,-7
18111,1,3,2,-2
18112,0,4,4,-4
18113,5,3,2,2
18114,3,7,4,-4
18115,5,2,3,3
18116,7,3,4,4
18117,3,18,15,-15
18118,6,3,3,3
18119,10,2,8,8
18120,4,2,2,2
18121,2,3,1,-1
18122,8,1,7,7
18123,5,2,3,3
18124,8,3,5,5
18125,1,2,1,-1
18126,7,0,7,7
18127,6,12,6,-6
18128,2,4,2,-2
18129,7,5,2,2
18130,8,2,6,6
18131,4,8,4,-4
18132,6,2,4,4
18133,4,2,2,2
18134,5,3,2,2
18135,4,0,4,4
18136,8,2,6,6
18137,7,6,1,1
18138,8,2,6,6
18139,8,5,3,3
18140,1,6,5,-5
18141,4,0,4,4
18142,2,9,7,-7
18143,2,8,6,-6
18144,5,4,1,1
18145,1,4,3,-3
18146,6,5,1,1
18147,9,15,6,-6
18148,5,6,1,-1
18149,6,8,2,-2
18150,0,4,4,-4
18151,3,6,3,-3
18152,4,2,2,2
18153,3,0,3,3
18154,3,4,1,-1
18155,1,6,5,-5
18156,2,9,7,-7
18157,3,4,1,-1
18158,2,1,1,1
18159,3,5,2,-2
18160,6,4,2,2
18161,8,2,6,6
18162,3,1,2,2
18163,4,3,1,1
18164,3,4,1,-1
18165,8,0,8,8
18166,2,6,4,-4
18167,4,7,3,-3
18168,3,5,2,-2
18169,4,8,4,-4
18170,2,3,1,-1
18171,4,1,3,3
18172,12,3,9,9
18173,3,5,2,-2
18174,8,2,6,6
18175,8,11,3,-3
18176,5,4,1,1
18177,0,4,4,-4
18178,10,4,6,6
18179,11,3,8,8
18180,6,3,3,3
18181,0,4,4,-4
18182,0,6,6,-6
18183,5,4,1,1
18184,6,2,4,4
18185,3,6,3,-3
18186,3,4,1,-1
18187,1,5,4,-4
18188,3,7,4,-4
18189,1,6,5,-5
18190,2,0,2,2
18191,6,3,3,3
18192,0,5,5,-5
18193,2,3,1,-1
18194,1,2,1,-1
18195,13,5,8,8
18196,10,4,6,6
18197,1,8,7,-7
18198,10,0,10,10
18199,6,4,2,2
18200,7,8,1,-1
18201,13,4,9,9
18202,1,8,7,-7
18203,3,1,2,2
18204,7,4,3,3
18205,2,6,4,-4
18206,3,5,2,-2
18207,4,8,4,-4
18208,6,7,1,-1
18209,2,1,1,1
18210,8,0,8,8
18211,1,2,1,-1
18212,0,4,4,-4
18213,10,3,7,7
18214,10,4,6,6
18215,4,7,3,-3
18216,4,1,3,3
18217,6,7,1,-1
18218,6,11,5,-5
18219,10,5,5,5
18220,4,3,1,1
18221,7,1,6,6
18222,3,4,1,-1
18223,6,2,4,4
18224,10,3,7,7
18225,7,1,6,6
18226,5,3,2,2
18227,3,5,2,-2
18228,7,2,5,5
18229,5,3,2,2
18230,1,7,6,-6
18231,5,6,1,-1
18232,11,8,3,3
18233,1,8,7,-7
18234,2,6,4,-4
18235,4,3,1,1
18236,15,1,14,14
18237,3,5,2,-2
18238,1,8,7,-7
18239,0,4,4,-4
18240,6,14,8,-8
18241,2,3,1,-1
18242,5,9,4,-4
18243,3,6,3,-3
18244,7,2,5,5
18245,3,1,2,2
18246,7,5,2,2
18247,16,4,12,12
18248,6,5,1,1
18249,8,1,7,7
18250,3,4,1,-1
18251,2,6,4,-4
18252,3,0,3,3
18253,5,2,3,3
18254,4,11,7,-7
18255,1,0,1,1
18256,3,5,2,-2
18257,4,5,1,-1
18258,4,1,3,3
18259,6,7,1,-1
18260,7,3,4,4
18261,11,4,7,7
18262,10,4,6,6
18263,3,7,4,-4
18264,3,5,2,-2
18265,0,1,1,-1
18266,0,4,4,-4
18267,5,2,3,3
18268,9,6,3,3
18269,6,2,4,4
18270,5,4,1,1
18271,2,1,1,1
18272,7,6,1,1
18273,4,7,3,-3
18274,9,6,3,3
18275,2,8,6,-6
18276,11,2,9,9
18277,6,3,3,3
18278,4,5,1,-1
18279,6,3,3,3
18280,3,4,1,-1
18281,5,2,3,3
18282,2,11,9,-9
18283,2,6,4,-4
18284,4,6,2,-2
18285,7,4,3,3
18286,1,4,3,-3
18287,4,7,3,-3
18288,3,6,3,-3
18289,1,6,5,-5
18290,4,12,8,-8
18291,1,4,3,-3
18292,4,3,1,1
18293,6,1,5,5
18294,6,5,1,1
18295,4,5,1,-1
18296,2,11,9,-9
18297,6,9,3,-3
18298,9,4,5,5
18299,2,7,5,-5
18300,8,3,5,5
18301,0,10,10,-10
18302,12,2,10,10
18303,7,0,7,7
18304,4,2,2,2
18305,5,4,1,1
18306,4,5,1,-1
18307,2,1,1,1
18308,5,4,1,1
18309,1,4,3,-3
18310,13,0,13,13
18311,0,4,4,-4
18312,5,1,4,4
18313,3,5,2,-2
18314,4,3,1,1
18315,0,1,1,-1
18316,2,5,3,-3
18317,2,7,5,-5
18318,2,1,1,1
18319,14,3,11,11
18320,0,10,10,-10
18321,2,5,3,-3
18322,1,7,6,-6
18323,10,8,2,2
18324,0,6,6,-6
18325,5,10,5,-5
18326,5,3,2,2
18327,11,5,6,6
18328,5,3,2,2
18329,0,4,4,-4
18330,3,5,2,-2
18331,3,0,3,3
18332,19,1,18,18
18333,3,4,1,-1
18334,5,0,5,5
18335,6,4,2,2
18336,6,9,3,-3
18337,2,14,12,-12
18338,2,5,3,-3
18339,5,4,1,1
18340,2,1,1,1
18341,9,8,1,1
18342,4,5,1,-1
18343,4,2,2,2
18344,7,2,5,5
18345,5,10,5,-5
18346,5,3,2,2
18347,0,5,5,-5
18348,5,8,3,-3
18349,10,7,3,3
18350,7,1,6,6
18351,2,3,1,-1
18352,3,9,6,-6
18353,4,0,4,4
18354,3,5,2,-2
18355,6,3,3,3
18356,10,3,7,7
18357,4,1,3,3
18358,4,3,1,1
18359,1,11,10,-10
18360,4,2,2,2
18361,1,0,1,1
18362,3,5,2,-2
18363,1,7,6,-6
18364,14,4,10,10
18365,3,2,1,1
18366,5,2,3,3
18367,13,4,9,9
18368,3,4,1,-1
18369,1,7,6,-6
18370,3,4,1,-1
18371,8,0,8,8
18372,3,0,3,3
18373,0,3,3,-3
18374,7,6,1,1
18375,5,6,1,-1
18376,3,5,2,-2
18377,3,4,1,-1
18378,3,7,4,-4
18379,4,3,1,1
18380,6,1,5,5
18381,6,9,3,-3
18382,5,6,1,-1
18383,6,3,3,3
18384,2,4,2,-2
18385,5,3,2,2
18386,1,3,2,-2
18387,4,3,1,1
18388,9,7,2,2
18389,10,2,8,8
18390,2,4,2,-2
18391,3,2,1,1
18392,5,1,4,4
18393,11,2,9,9
18394,7,9,2,-2
18395,5,2,3,3
18396,5,0,5,5
18397,3,4,1,-1
18398,1,2,1,-1
18399,4,3,1,1
18400,1,12,11,-11
18401,4,5,1,-1
18402,1,0,1,1
18403,2,6,4,-4
18404,9,3,6,6
18405,6,3,3,3
18406,4,3,1,1
18407,8,2,6,6
18408,3,4,1,-1
18409,4,18,14,-14
18410,10,3,7,7
18411,3,7,4,-4
18412,2,3,1,-1
18413,4,5,1,-1
18414,0,7,7,-7
18415,2,10,8,-8
18416,1,5,4,-4
18417,9,1,8,8
18418,4,1,3,3
18419,3,4,1,-1
18420,1,6,5,-5
18421,2,7,5,-5
18422,12,2,10,10
18423,6,3,3,3
18424,2,3,1,-1
18425,2,4,2,-2
18426,5,2,3,3
18427,7,9,2,-2
18428,8,6,2,2
18429,4,16,12,-12
18430,4,1,3,3
18431,5,6,1,-1
18432,11,4,7,7
18433,3,1,2,2
18434,13,5,8,8
18435,12,3,9,9
18436,5,7,2,-2
18437,1,6,5,-5
18438,12,9,3,3
18439,6,2,4,4
18440,8,7,1,1
18441,3,13,10,-10
18442,6,7,1,-1
18443,6,3,3,3
18444,5,1,4,4
18445,4,3,1,1
18446,4,3,1,1
18447,2,3,1,-1
18448,5,4,1,1
18449,3,7,4,-4
18450,2,6,4,-4
18451,5,6,1,-1
18452,9,8,1,1
18453,4,5,1,-1
18454,3,7,4,-4
18455,8,4,4,4
18456,1,2,1,-1
18457,2,7,5,-5
18458,5,6,1,-1
18459,5,6,1,-1
18460,4,3,1,1
18461,6,2,4,4
18462,3,5,2,-2
18463,3,6,3,-3
18464,3,13,10,-10
18465,4,5,1,-1
18466,3,2,1,1
18467,3,6,3,-3
18468,5,2,3,3
18469,2,3,1,-1
18470,7,9,2,-2
18471,1,8,7,-7
18472,4,5,1,-1
18473,9,6,3,3
18474,6,4,2,2
18475,6,5,1,1
18476,2,10,8,-8
18477,3,1,2,2
18478,4,6,2,-2
18479,13,4,9,9
18480,5,3,2,2
18481,10,3,7,7
18482,2,8,6,-6
18483,2,6,4,-4
18484,5,3,2,2
18485,0,4,4,-4
18486,5,0,5,5
18487,4,0,4,4
18488,2,4,2,-2
18489,8,3,5,5
18490,2,7,5,-5
18491,2,6,4,-4
18492,5,0,5,5
18493,6,5,1,1
18494,3,11,8,-8
18495,2,3,1,-1
18496,8,0,8,8
18497,7,11,4,-4
18498,3,1,2,2
18499,2,4,2,-2
18500,5,6,1,-1
18501,4,5,1,-1
18502,4,10,6,-6
18503,1,4,3,-3
18504,3,10,7,-7
18505,5,6,1,-1
18506,0,9,9,-9
18507,3,6,3,-3
18508,1,2,1,-1
18509,5,10,5,-5
18510,5,8,3,-3
18511,8,3,5,5
18512,4,10,6,-6
18513,16,2,14,14
18514,5,9,4,-4
18515,4,0,4,4
18516,1,5,4,-4
18517,22,10,12,12
18518,2,3,1,-1
18519,1,4,3,-3
18520,5,7,2,-2
18521,4,0,4,4
18522,2,15,13,-13
18523,6,3,3,3
18524,1,2,1,-1
18525,5,6,1,-1
18526,4,8,4,-4
18527,4,6,2,-2
18528,4,7,3,-3
18529,1,2,1,-1
18530,3,10,7,-7
18531,2,3,1,-1
18532,0,1,1,-1
18533,4,2,2,2
18534,9,3,6,6
18535,6,5,1,1
18536,1,6,5,-5
18537,6,3,3,3
18538,7,5,2,2
18539,2,8,6,-6
18540,7,2,5,5
18541,1,2,1,-1
18542,3,7,4,-4
18543,2,1,1,1
18544,3,4,1,-1
18545,2,4,2,-2
18546,7,1,6,6
18547,4,2,2,2
18548,8,9,1,-1
18549,5,4,1,1
18550,3,5,2,-2
18551,4,5,1,-1
18552,4,5,1,-1
18553,2,3,1,-1
18554,4,0,4,4
18555,6,5,1,1
18556,2,3,1,-1
18557,6,4,2,2
18558,4,2,2,2
18559,1,2,1,-1
18560,7,1,6,6
18561,2,3,1,-1
18562,10,6,4,4
18563,1,3,2,-2
18564,5,3,2,2
18565,1,3,2,-2
18566,1,13,12,-12
18567,5,3,2,2
18568,5,6,1,-1
18569,1,9,8,-8
18570,10,6,4,4
18571,10,11,1,-1
18572,1,0,1,1
18573,6,7,1,-1
18574,1,2,1,-1
18575,2,6,4,-4
18576,6,7,1,-1
18577,7,14,7,-7
18578,3,7,4,-4
18579,5,8,3,-3
18580,6,4,2,2
18581,3,2,1,1
18582,4,16,12,-12
18583,4,5,1,-1
18584,6,7,1,-1
18585,2,3,1,-1
18586,9,1,8,8
18587,0,3,3,-3
18588,1,7,6,-6
18589,2,7,5,-5
18590,10,12,2,-2
18591,8,4,4,4
18592,6,4,2,2
18593,4,3,1,1
18594,10,4,6,6
18595,8,7,1,1
18596,3,5,2,-2
18597,3,0,3,3
18598,10,5,5,5
18599,0,7,7,-7
18600,5,4,1,1
18601,5,2,3,3
18602,5,2,3,3
18603,6,1,5,5
18604,0,7,7,-7
18605,0,6,6,-6
18606,5,1,4,4
18607,3,0,3,3
18608,2,0,2,2
18609,1,5,4,-4
18610,7,4,3,3
18611,10,8,2,2
18612,4,5,1,-1
18613,1,2,1,-1
18614,0,6,6,-6
18615,2,11,9,-9
18616,4,5,1,-1
18617,7,5,2,2
18618,5,9,4,-4
18619,1,5,4,-4
18620,5,3,2,2
18621,4,6,2,-2
18622,4,1,3,3
18623,3,5,2,-2
18624,4,2,2,2
18625,2,3,1,-1
18626,3,4,1,-1
18627,6,0,6,6
18628,6,10,4,-4
18629,2,1,1,1
18630,6,8,2,-2
18631,5,2,3,3
18632,2,3,1,-1
18633,2,7,5,-5
18634,7,16,9,-9
18635,5,2,3,3
18636,4,8,4,-4
18637,2,0,2,2
18638,2,7,5,-5
18639,4,7,3,-3
18640,4,1,3,3
18641,5,8,3,-3
18642,7,4,3,3
18643,5,2,3,3
18644,4,5,1,-1
18645,5,0,5,5
18646,2,5,3,-3
18647,1,4,3,-3
18648,2,1,1,1
18649,4,3,1,1
18650,4,1,3,3
18651,3,0,3,3
18652,4,1,3,3
18653,9,4,5,5
18654,13,4,9,9
18655,3,2,1,1
18656,8,0,8,8
18657,4,5,1,-1
18658,3,6,3,-3
18659,11,10,1,1
18660,3,12,9,-9
18661,3,6,3,-3
18662,8,1,7,7
18663,6,7,1,-1
18664,8,7,1,1
18665,1,9,8,-8
18666,5,6,1,-1
18667,1,2,1,-1
18668,3,11,8,-8
18669,0,3,3,-3
18670,5,3,2,2
18671,2,3,1,-1
18672,6,2,4,4
18673,11,3,8,8
18674,4,5,1,-1
18675,3,6,3,-3
18676,5,2,3,3
18677,7,3,4,4
18678,4,5,1,-1
18679,3,6,3,-3
18680,3,6,3,-3
18681,7,3,4,4
18682,2,3,1,-1
18683,5,8,3,-3
18684,1,4,3,-3
18685,10,3,7,7
18686,4,11,7,-7
18687,7,6,1,1
18688,2,0,2,2
18689,2,4,2,-2
18690,3,2,1,1
18691,3,2,1,1
18692,3,8,5,-5
18693,4,0,4,4
18694,5,1,4,4
18695,1,3,2,-2
18696,5,8,3,-3
18697,1,10,9,-9
18698,1,5,4,-4
18699,1,7,6,-6
18700,3,2,1,1
18701,0,10,10,-10
18702,6,3,3,3
18703,8,2,6,6
18704,11,5,6,6
18705,8,6,2,2
18706,3,10,7,-7
18707,7,2,5,5
18708,10,0,10,10
18709,6,8,2,-2
18710,2,3,1,-1
18711,2,3,1,-1
18712,7,5,2,2
18713,7,2,5,5
18714,6,3,3,3
18715,1,4,3,-3
18716,0,4,4,-4
18717,8,3,5,5
18718,4,3,1,1
18719,3,6,3,-3
18720,11,10,1,1
18721,7,6,1,1
18722,5,8,3,-3
18723,3,6,3,-3
18724,9,4,5,5
18725,4,5,1,-1
18726,4,5,1,-1
18727,6,5,1,1
18728,5,0,5,5
18729,4,6,2,-2
18730,4,2,2,2
18731,2,6,4,-4
18732,3,6,3,-3
18733,3,4,1,-1
18734,5,6,1,-1
18735,1,3,2,-2
18736,5,6,1,-1
18737,1,3,2,-2
18738,5,4,1,1
18739,11,12,1,-1
18740,10,5,5,5
18741,12,5,7,7
18742,6,3,3,3
18743,3,0,3,3
18744,3,8,5,-5
18745,2,7,5,-5
18746,7,2,5,5
18747,4,6,2,-2
18748,3,5,2,-2
18749,4,7,3,-3
18750,6,2,4,4
18751,6,3,3,3
18752,4,2,2,2
18753,2,6,4,-4
18754,14,6,8,8
18755,6,4,2,2
18756,3,2,1,1
18757,3,9,6,-6
18758,4,2,2,2
18759,4,3,1,1
18760,2,1,1,1
18761,1,7,6,-6
18762,0,2,2,-2
18763,5,15,10,-10
18764,0,3,3,-3
18765,3,8,5,-5
18766,4,7,3,-3
18767,7,3,4,4
18768,2,4,2,-2
18769,6,2,4,4
18770,11,3,8,8
18771,2,6,4,-4
18772,1,2,1,-1
18773,9,4,5,5
18774,2,1,1,1
18775,4,3,1,1
18776,1,6,5,-5
18777,9,4,5,5
18778,1,3,2,-2
18779,4,8,4,-4
18780,1,3,2,-2
18781,4,10,6,-6
18782,8,1,7,7
18783,4,5,1,-1
18784,8,10,2,-2
18785,1,3,2,-2
18786,4,10,6,-6
18787,6,4,2,2
18788,6,7,1,-1
18789,2,17,15,-15
18790,4,5,1,-1
18791,1,8,7,-7
18792,6,7,1,-1
18793,5,3,2,2
18794,0,3,3,-3
18795,3,2,1,1
18796,4,5,1,-1
18797,5,9,4,-4
18798,7,6,1,1
18799,6,7,1,-1
18800,6,12,6,-6
18801,2,3,1,-1
18802,13,10,3,3
18803,10,4,6,6
18804,7,5,2,2
18805,11,7,4,4
18806,2,1,1,1
18807,4,5,1,-1
18808,4,0,4,4
18809,9,3,6,6
18810,2,4,2,-2
18811,8,9,1,-1
18812,3,5,2,-2
18813,5,3,2,2
18814,4,7,3,-3
18815,4,8,4,-4
18816,3,1,2,2
18817,11,10,1,1
18818,7,1,6,6
18819,2,10,8,-8
18820,7,9,2,-2
18821,6,9,3,-3
18822,8,5,3,3
18823,1,3,2,-2
18824,10,1,9,9
18825,3,10,7,-7
18826,7,1,6,6
18827,4,3,1,1
18828,11,8,3,3
18829,3,4,1,-1
18830,6,3,3,3
18831,1,8,7,-7
18832,4,6,2,-2
18833,1,3,2,-2
18834,12,9,3,3
18835,5,1,4,4
18836,4,3,1,1
18837,3,0,3,3
18838,0,3,3,-3
18839,5,0,5,5
18840,0,5,5,-5
18841,7,6,1,1
18842,7,17,10,-10
18843,1,8,7,-7
18844,5,6,1,-1
18845,8,4,4,4
18846,6,4,2,2
18847,3,6,3,-3
18848,4,1,3,3
18849,5,2,3,3
18850,5,4,1,1
18851,1,5,4,-4
18852,1,6,5,-5
18853,3,2,1,1
18854,4,7,3,-3
18855,5,12,7,-7
18856,0,3,3,-3
18857,3,2,1,1
18858,6,5,1,1
18859,3,2,1,1
18860,6,5,1,1
18861,0,2,2,-2
18862,5,3,2,2
18863,3,7,4,-4
18864,6,7,1,-1
18865,10,2,8,8
18866,4,5,1,-1
18867,0,4,4,-4
18868,13,9,4,4
18869,7,4,3,3
18870,12,8,4,4
18871,7,4,3,3
18872,8,5,3,3
18873,4,3,1,1
18874,12,4,8,8
18875,1,10,9,-9
18876,6,4,2,2
18877,4,1,3,3
18878,9,1,8,8
18879,13,4,9,9
18880,4,3,1,1
18881,2,3,1,-1
18882,5,6,1,-1
18883,9,6,3,3
18884,9,3,6,6
18885,2,4,2,-2
18886,0,8,8,-8
18887,0,1,1,-1
18888,2,4,2,-2
18889,2,6,4,-4
18890,7,5,2,2
18891,7,8,1,-1
18892,3,4,1,-1
18893,6,1,5,5
18894,10,2,8,8
18895,1,6,5,-5
18896,4,6,2,-2
18897,7,6,1,1
18898,2,4,2,-2
18899,3,2,1,1
18900,9,8,1,1
18901,5,2,3,3
18902,4,3,1,1
18903,3,0,3,3
18904,1,5,4,-4
18905,6,13,7,-7
18906,6,10,4,-4
18907,5,4,1,1
18908,3,2,1,1
18909,0,2,2,-2
18910,3,4,1,-1
18911,2,5,3,-3
18912,5,9,4,-4
18913,1,3,2,-2
18914,6,8,2,-2
18915,1,7,6,-6
18916,7,3,4,4
18917,4,2,2,2
18918,2,1,1,1
18919,16,3,13,13
18920,2,3,1,-1
18921,0,4,4,-4
18922,2,1,1,1
18923,1,3,2,-2
18924,6,1,5,5
18925,1,2,1,-1
18926,7,6,1,1
18927,1,0,1,1
18928,3,0,3,3
18929,1,2,1,-1
18930,17,2,15,15
18931,4,6,2,-2
18932,4,9,5,-5
18933,6,7,1,-1
18934,7,0,7,7
18935,6,3,3,3
18936,0,4,4,-4
18937,3,6,3,-3
18938,3,8,5,-5
18939,9,10,1,-1
18940,0,11,11,-11
18941,3,0,3,3
18942,5,2,3,3
18943,3,2,1,1
18944,2,6,4,-4
18945,3,6,3,-3
18946,3,2,1,1
18947,6,5,1,1
18948,4,5,1,-1
18949,7,5,2,2
18950,2,1,1,1
18951,1,7,6,-6
18952,0,12,12,-12
18953,1,10,9,-9
18954,3,8,5,-5
18955,7,2,5,5
18956,1,6,5,-5
18957,4,3,1,1
18958,1,6,5,-5
18959,3,0,3,3
18960,2,11,9,-9
18961,1,3,2,-2
18962,6,7,1,-1
18963,12,0,12,12
18964,6,2,4,4
18965,6,5,1,1
18966,6,7,1,-1
18967,1,4,3,-3
18968,4,14,10,-10
18969,3,7,4,-4
18970,10,2,8,8
18971,3,6,3,-3
18972,3,8,5,-5
18973,2,8,6,-6
18974,0,4,4,-4
18975,12,2,10,10
18976,2,6,4,-4
18977,4,6,2,-2
18978,3,0,3,3
18979,4,6,2,-2
18980,3,17,14,-14
18981,2,0,2,2
18982,6,2,4,4
18983,5,6,1,-1
18984,9,1,8,8
18985,5,2,3,3
18986,0,5,5,-5
18987,0,4,4,-4
18988,8,10,2,-2
18989,7,8,1,-1
18990,8,1,7,7
18991,5,3,2,2
18992,1,11,10,-10
18993,2,1,1,1
18994,9,4,5,5
18995,7,1,6,6
18996,1,8,7,-7
18997,2,6,4,-4
18998,2,7,5,-5
18999,3,2,1,1
19000,3,6,3,-3
19001,5,2,3,3
19002,11,8,3,3
19003,1,5,4,-4
19004,4,5,1,-1
19005,2,6,4,-4
19006,0,2,2,-2
19007,9,5,4,4
19008,2,1,1,1
19009,0,1,1,-1
19010,7,3,4,4
19011,1,0,1,1
19012,11,6,5,5
19013,0,1,1,-1
19014,3,1,2,2
19015,3,2,1,1
19016,10,0,10,10
19017,7,6,1,1
19018,4,1,3,3
19019,2,3,1,-1
19020,9,10,1,-1
19021,12,14,2,-2
19022,6,2,4,4
19023,9,10,1,-1
19024,3,2,1,1
19025,0,5,5,-5
19026,5,6,1,-1
19027,2,7,5,-5
19028,1,2,1,-1
19029,7,2,5,5
19030,4,5,1,-1
19031,5,2,3,3
19032,8,12,4,-4
19033,1,4,3,-3
19034,0,17,17,-17
19035,1,5,4,-4
19036,6,7,1,-1
19037,7,4,3,3
19038,5,1,4,4
19039,5,1,4,4
19040,3,1,2,2
19041,2,7,5,-5
19042,1,3,2,-2
19043,4,6,2,-2
19044,7,3,4,4
19045,4,5,1,-1
19046,2,6,4,-4
19047,11,1,10,10
19048,6,8,2,-2
19049,5,4,1,1
19050,2,9,7,-7
19051,2,10,8,-8
19052,6,7,1,-1
19053,8,2,6,6
19054,4,5,1,-1
19055,3,4,1,-1
19056,13,0,13,13
19057,7,2,5,5
19058,7,11,4,-4
19059,0,12,12,-12
19060,2,0,2,2
19061,7,4,3,3
19062,10,4,6,6
19063,5,3,2,2
19064,7,6,1,1
19065,11,9,2,2
19066,6,2,4,4
19067,4,11,7,-7
19068,3,9,6,-6
19069,6,9,3,-3
19070,3,1,2,2
19071,2,1,1,1
19072,9,1,8,8
19073,3,4,1,-1
19074,8,4,4,4
19075,6,7,1,-1
19076,2,3,1,-1
19077,9,4,5,5
19078,2,13,11,-11
19079,8,7,1,1
19080,3,1,2,2
19081,1,2,1,-1
19082,12,8,4,4
19083,4,5,1,-1
19084,1,7,6,-6
19085,11,3,8,8
19086,3,1,2,2
19087,8,1,7,7
19088,3,6,3,-3
19089,1,0,1,1
19090,3,1,2,2
19091,1,6,5,-5
19092,5,1,4,4
19093,13,2,11,11
19094,1,3,2,-2
19095,5,3,2,2
19096,10,6,4,4
19097,5,6,1,-1
19098,9,1,8,8
19099,2,7,5,-5
19100,8,2,6,6
19101,0,3,3,-3
19102,3,4,1,-1
19103,9,1,8,8
19104,11,2,9,9
19105,4,2,2,2
19106,10,6,4,4
19107,7,1,6,6
19108,2,0,2,2
19109,5,4,1,1
19110,1,5,4,-4
19111,1,4,3,-3
19112,10,11,1,-1
19113,3,9,6,-6
19114,9,2,7,7
19115,0,5,5,-5
19116,8,5,3,3
19117,8,9,1,-1
19118,3,4,1,-1
19119,5,11,6,-6
19120,5,4,1,1
19121,8,7,1,1
19122,5,6,1,-1
19123,15,2,13,13
19124,6,5,1,1
19125,1,6,5,-5
19126,3,4,1,-1
19127,5,4,1,1
19128,0,9,9,-9
19129,1,13,12,-12
19130,2,4,2,-2
19131,2,5,3,-3
19132,1,11,10,-10
19133,4,11,7,-7
19134,1,8,7,-7
19135,3,1,2,2
19136,4,5,1,-1
19137,2,3,1,-1
19138,8,10,2,-2
19139,3,1,2,2
19140,8,1,7,7
19141,10,5,5,5
19142,0,7,7,-7
19143,2,3,1,-1
19144,4,1,3,3
19145,1,8,7,-7
19146,2,3,1,-1
19147,3,11,8,-8
19148,2,10,8,-8
19149,5,3,2,2
19150,16,7,9,9
19151,2,8,6,-6
19152,5,4,1,1
19153,7,0,7,7
19154,6,8,2,-2
19155,0,11,11,-11
19156,11,3,8,8
19157,5,1,4,4
19158,3,5,2,-2
19159,3,4,1,-1
19160,4,2,2,2
19161,3,8,5,-5
19162,2,5,3,-3
19163,8,9,1,-1
19164,5,3,2,2
19165,4,13,9,-9
19166,8,0,8,8
19167,1,0,1,1
19168,1,11,10,-10
19169,0,2,2,-2
19170,3,4,1,-1
19171,0,16,16,-16
19172,1,2,1,-1
19173,10,3,7,7
19174,2,3,1,-1
19175,2,8,6,-6
19176,5,17,12,-12
19177,2,8,6,-6
19178,1,8,7,-7
19179,4,1,3,3
19180,6,0,6,6
19181,8,2,6,6
19182,1,9,8,-8
19183,7,3,4,4
19184,3,5,2,-2
19185,5,3,2,2
19186,1,3,2,-2
19187,3,2,1,1
19188,8,1,7,7
19189,2,1,1,1
19190,0,7,7,-7
19191,6,14,8,-8
19192,0,10,10,-10
19193,2,5,3,-3
19194,2,5,3,-3
19195,5,2,3,3
19196,2,6,4,-4
19197,2,3,1,-1
19198,17,7,10,10
19199,2,3,1,-1
19200,5,13,8,-8
19201,10,4,6,6
19202,2,3,1,-1
19203,2,8,6,-6
19204,2,4,2,-2
19205,1,6,5,-5
19206,10,2,8,8
19207,4,0,4,4
19208,3,2,1,1
19209,7,0,7,7
19210,6,7,1,-1
19211,4,3,1,1
19212,2,3,1,-1
19213,2,5,3,-3
19214,4,3,1,1
19215,2,8,6,-6
19216,13,6,7,7
19217,7,3,4,4
19218,1,4,3,-3
19219,1,2,1,-1
19220,0,16,16,-16
19221,4,7,3,-3
19222,3,5,2,-2
19223,2,0,2,2
19224,3,2,1,1
19225,0,2,2,-2
19226,4,8,4,-4
19227,10,4,6,6
19228,6,8,2,-2
19229,7,2,5,5
19230,3,9,6,-6
19231,3,1,2,2
19232,5,1,4,4
19233,3,4,1,-1
19234,2,5,3,-3
19235,4,3,1,1
19236,10,3,7,7
19237,6,3,3,3
19238,2,7,5,-5
19239,1,7,6,-6
19240,4,2,2,2
19241,2,3,1,-1
19242,0,12,12,-12
19243,1,7,6,-6
19244,7,13,6,-6
19245,6,4,2,2
19246,2,3,1,-1
19247,1,13,12,-12
19248,3,4,1,-1
19249,3,0,3,3
19250,2,4,2,-2
19251,10,8,2,2
19252,8,3,5,5
19253,1,2,1,-1
19254,4,2,2,2
19255,8,7,1,1
19256,4,5,1,-1
19257,2,6,4,-4
19258,1,0,1,1
19259,2,6,4,-4
19260,3,4,1,-1
19261,6,3,3,3
19262,1,0,1,1
19263,9,8,1,1
19264,1,3,2,-2
19265,2,5,3,-3
19266,3,1,2,2
19267,2,1,1,1
19268,2,5,3,-3
19269,7,3,4,4
19270,9,2,7,7
19271,2,9,7,-7
19272,5,7,2,-2
19273,4,6,2,-2
19274,13,7,6,6
19275,0,4,4,-4
19276,6,5,1,1
19277,9,0,9,9
19278,3,2,1,1
19279,3,4,1,-1
19280,3,11,8,-8
19281,8,6,2,2
19282,1,8,7,-7
19283,15,5,10,10
19284,2,3,1,-1
19285,8,5,3,3
19286,5,3,2,2
19287,5,4,1,1
19288,0,3,3,-3
19289,4,1,3,3
19290,1,3,2,-2
19291,12,1,11,11
19292,3,1,2,2
19293,4,2,2,2
19294,1,0,1,1
19295,11,13,2,-2
19296,2,7,5,-5
19297,5,4,1,1
19298,2,4,2,-2
19299,5,4,1,1
19300,6,7,1,-1
19301,4,3,1,1
19302,4,1,3,3
19303,8,3,5,5
19304,6,7,1,-1
19305,7,3,4,4
19306,0,3,3,-3
19307,1,4,3,-3
19308,1,3,2,-2
19309,1,8,7,-7
19310,12,6,6,6
19311,2,4,2,-2
19312,5,0,5,5
19313,2,1,1,1
19314,3,4,1,-1
19315,4,3,1,1
19316,6,11,5,-5
19317,0,5,5,-5
19318,9,6,3,3
19319,8,2,6,6
19320,10,4,6,6
19321,2,6,4,-4
19322,0,1,1,-1
19323,11,4,7,7
19324,5,1,4,4
19325,2,3,1,-1
19326,2,0,2,2
19327,5,4,1,1
19328,1,3,2,-2
19329,5,0,5,5
19330,3,2,1,1
19331,1,4,3,-3
19332,8,4,4,4
19333,4,9,5,-5
19334,1,8,7,-7
19335,10,4,6,6
19336,7,5,2,2
19337,1,8,7,-7
19338,4,2,2,2
19339,5,9,4,-4
19340,9,2,7,7
19341,5,4,1,1
19342,3,9,6,-6
19343,9,2,7,7
19344,2,3,1,-1
19345,3,1,2,2
19346,10,2,8,8
19347,6,4,2,2
19348,2,4,2,-2
19349,3,11,8,-8
19350,7,1,6,6
19351,11,2,9,9
19352,4,11,7,-7
19353,0,6,6,-6
19354,2,9,7,-7
19355,6,7,1,-1
19356,3,4,1,-1
19357,1,4,3,-3
19358,1,10,9,-9
19359,7,8,1,-1
19360,9,4,5,5
19361,9,3,6,6
19362,8,6,2,2
19363,1,2,1,-1
19364,1,6,5,-5
19365,6,3,3,3
19366,14,3,11,11
19367,3,4,1,-1
19368,9,15,6,-6
19369,0,10,10,-10
19370,6,0,6,6
19371,1,7,6,-6
19372,5,7,2,-2
19373,3,5,2,-2
19374,5,1,4,4
19375,7,10,3,-3
19376,4,6,2,-2
19377,2,4,2,-2
19378,4,7,3,-3
19379,1,6,5,-5
19380,5,6,1,-1
19381,12,2,10,10
19382,1,7,6,-6
19383,3,4,1,-1
19384,2,1,1,1
19385,4,5,1,-1
19386,12,2,10,10
19387,4,5,1,-1
19388,2,5,3,-3
19389,4,1,3,3
19390,9,6,3,3
19391,4,1,3,3
19392,4,5,1,-1
19393,1,9,8,-8
19394,5,6,1,-1
19395,2,6,4,-4
19396,0,8,8,-8
19397,5,3,2,2
19398,1,6,5,-5
19399,5,6,1,-1
19400,3,2,1,1
19401,1,10,9,-9
19402,1,2,1,-1
19403,3,6,3,-3
19404,0,4,4,-4
19405,0,7,7,-7
19406,3,5,2,-2
19407,0,9,9,-9
19408,5,3,2,2
19409,2,10,8,-8
19410,7,4,3,3
19411,3,2,1,1
19412,6,7,1,-1
19413,4,1,3,3
19414,6,4,2,2
19415,3,6,3,-3
19416,2,1,1,1
19417,3,4,1,-1
19418,3,2,1,1
19419,1,2,1,-1
19420,3,4,1,-1
19421,4,8,4,-4
19422,3,1,2,2
19423,6,3,3,3
19424,8,5,3,3
19425,0,11,11,-11
19426,4,5,1,-1
19427,6,1,5,5
19428,11,8,3,3
19429,2,6,4,-4
19430,4,3,1,1
19431,1,3,2,-2
19432,14,2,12,12
19433,1,5,4,-4
19434,2,1,1,1
19435,0,6,6,-6
19436,5,2,3,3
19437,2,8,6,-6
19438,5,8,3,-3
19439,1,0,1,1
19440,8,4,4,4
19441,4,9,5,-5
19442,2,1,1,1
19443,2,3,1,-1
19444,14,7,7,7
19445,5,6,1,-1
19446,1,2,1,-1
19447,4,6,2,-2
19448,4,1,3,3
19449,6,1,5,5
19450,8,9,1,-1
19451,5,4,1,1
19452,2,0,2,2
19453,1,0,1,1
19454,1,2,1,-1
19455,8,6,2,2
19456,13,10,3,3
19457,2,1,1,1
19458,1,0,1,1
19459,1,5,4,-4
19460,4,2,2,2
19461,2,1,1,1
19462,2,15,13,-13
19463,13,7,6,6
19464,0,5,5,-5
19465,10,6,4,4
19466,2,6,4,-4
19467,7,3,4,4
19468,6,2,4,4
19469,4,3,1,1
19470,8,3,5,5
19471,6,5,1,1
19472,3,2,1,1
19473,9,3,6,6
19474,3,5,2,-2
19475,6,5,1,1
19476,0,9,9,-9
19477,0,6,6,-6
19478,5,1,4,4
19479,7,0,7,7
19480,1,0,1,1
19481,8,6,2,2
19482,7,4,3,3
19483,4,5,1,-1
19484,2,1,1,1
19485,8,2,6,6
19486,4,7,3,-3
19487,7,8,1,-1
19488,8,1,7,7
19489,0,1,1,-1
19490,7,3,4,4
19491,8,4,4,4
19492,4,5,1,-1
19493,7,4,3,3
19494,6,0,6,6
19495,1,6,5,-5
19496,1,6,5,-5
19497,1,3,2,-2
19498,2,4,2,-2
19499,1,6,5,-5
19500,6,13,7,-7
19501,4,2,2,2
19502,4,5,1,-1
19503,0,2,2,-2
19504,4,8,4,-4
19505,6,4,2,2
19506,2,13,11,-11
19507,1,0,1,1
19508,6,10,4,-4
19509,4,11,7,-7
19510,4,1,3,3
19511,5,14,9,-9
19512,0,3,3,-3
19513,1,7,6,-6
19514,6,0,6,6
19515,2,4,2,-2
19516,7,3,4,4
19517,5,2,3,3
19518,1,10,9,-9
19519,2,3,1,-1
19520,2,3,1,-1
19521,2,7,5,-5
19522,2,6,4,-4
19523,4,3,1,1
19524,8,0,8,8
19525,0,5,5,-5
19526,2,5,3,-3
19527,3,1,2,2
19528,3,1,2,2
19529,8,2,6,6
19530,2,3,1,-1
19531,9,7,2,2
19532,2,4,2,-2
19533,5,2,3,3
19534,6,3,3,3
19535,8,3,5,5
19536,4,5,1,-1
19537,3,14,11,-11
19538,9,13,4,-4
19539,2,3,1,-1
19540,4,1,3,3
19541,7,3,4,4
19542,8,5,3,3
19543,2,3,1,-1
19544,5,2,3,3
19545,1,20,19,-19
19546,7,4,3,3
19547,5,7,2,-2
19548,3,5,2,-2
19549,3,2,1,1
19550,7,3,4,4
19551,3,10,7,-7
19552,6,1,5,5
19553,1,0,1,1
19554,0,1,1,-1
19555,11,4,7,7
19556,3,8,5,-5
19557,1,5,4,-4
19558,4,0,4,4
19559,3,0,3,3
19560,6,3,3,3
19561,0,5,5,-5
19562,2,1,1,1
19563,4,1,3,3
19564,6,5,1,1
19565,1,6,5,-5
19566,7,8,1,-1
19567,1,0,1,1
19568,1,3,2,-2
19569,1,4,3,-3
19570,8,7,1,1
19571,7,4,3,3
19572,7,6,1,1
19573,4,2,2,2
19574,5,6,1,-1
19575,2,1,1,1
19576,5,4,1,1
19577,0,2,2,-2
19578,7,1,6,6
19579,5,4,1,1
19580,0,2,2,-2
19581,0,10,10,-10
19582,2,0,2,2
19583,8,3,5,5
19584,8,5,3,3
19585,5,2,3,3
19586,0,4,4,-4
19587,8,6,2,2
19588,1,6,5,-5
19589,4,5,1,-1
19590,3,5,2,-2
19591,1,4,3,-3
19592,2,1,1,1
19593,1,14,13,-13
19594,6,5,1,1
19595,1,2,1,-1
19596,8,3,5,5
19597,1,4,3,-3
19598,11,1,10,10
19599,5,13,8,-8
19600,4,6,2,-2
19601,16,6,10,10
19602,4,1,3,3
19603,3,4,1,-1
19604,7,3,4,4
19605,3,2,1,1
19606,5,3,2,2
19607,3,5,2,-2
19608,10,7,3,3
19609,1,2,1,-1
19610,1,5,4,-4
19611,4,2,2,2
19612,8,9,1,-1
19613,7,2,5,5
19614,6,1,5,5
19615,13,4,9,9
19616,7,0,7,7
19617,5,1,4,4
19618,3,6,3,-3
19619,3,9,6,-6
19620,7,1,6,6
19621,0,4,4,-4
19622,4,0,4,4
19623,5,3,2,2
19624,8,7,1,1
19625,2,7,5,-5
19626,5,6,1,-1
19627,1,5,4,-4
19628,2,1,1,1
19629,3,7,4,-4
19630,8,4,4,4
19631,8,6,2,2
19632,2,3,1,-1
19633,5,4,1,1
19634,4,7,3,-3
19635,2,1,1,1
19636,10,14,4,-4
19637,6,1,5,5
19638,9,1,8,8
19639,1,0,1,1
19640,5,1,4,4
19641,4,5,1,-1
19642,2,6,4,-4
19643,3,10,7,-7
19644,6,5,1,1
19645,5,3,2,2
19646,8,10,2,-2
19647,9,4,5,5
19648,3,2,1,1
19649,2,7,5,-5
19650,7,3,4,4
19651,2,3,1,-1
19652,1,10,9,-9
19653,6,5,1,1
19654,1,3,2,-2
19655,3,1,2,2
19656,2,1,1,1
19657,10,4,6,6
19658,1,2,1,-1
19659,10,4,6,6
19660,8,6,2,2
19661,6,2,4,4
19662,10,3,7,7
19663,1,12,11,-11
19664,1,8,7,-7
19665,1,2,1,-1
19666,4,8,4,-4
19667,0,1,1,-1
19668,5,1,4,4
19669,5,3,2,2
19670,0,2,2,-2
19671,5,2,3,3
19672,2,0,2,2
19673,7,3,4,4
19674,10,1,9,9
19675,2,4,2,-2
19676,6,1,5,5
19677,9,1,8,8
19678,2,10,8,-8
19679,4,1,3,3
19680,7,2,5,5
19681,3,11,8,-8
19682,4,5,1,-1
19683,4,3,1,1
19684,3,7,4,-4
19685,0,2,2,-2
19686,5,11,6,-6
19687,2,10,8,-8
19688,13,4,9,9
19689,9,0,9,9
19690,5,6,1,-1
19691,1,2,1,-1
19692,11,12,1,-1
19693,7,1,6,6
19694,2,4,2,-2
19695,5,15,10,-10
19696,1,3,2,-2
19697,4,12,8,-8
19698,5,8,3,-3
19699,3,12,9,-9
19700,0,7,7,-7
19701,8,2,6,6
19702,8,13,5,-5
19703,3,4,1,-1
19704,9,2,7,7
19705,4,1,3,3
19706,5,3,2,2
19707,16,5,11,11
19708,5,2,3,3
19709,0,8,8,-8
19710,1,2,1,-1
19711,2,4,2,-2
19712,8,1,7,7
19713,1,3,2,-2
19714,10,0,10,10
19715,2,3,1,-1
19716,3,2,1,1
19717,8,5,3,3
19718,7,3,4,4
19719,7,8,1,-1
19720,6,2,4,4
19721,2,6,4,-4
19722,3,4,1,-1
19723,2,5,3,-3
19724,0,4,4,-4
19725,5,6,1,-1
19726,2,6,4,-4
19727,3,4,1,-1
19728,3,4,1,-1
19729,4,0,4,4
19730,10,1,9,9
19731,4,12,8,-8
19732,1,9,8,-8
19733,0,3,3,-3
19734,1,10,9,-9
19735,9,7,2,2
19736,2,4,2,-2
19737,9,7,2,2
19738,3,4,1,-1
19739,2,4,2,-2
19740,2,3,1,-1
19741,2,9,7,-7
19742,4,2,2,2
19743,7,3,4,4
19744,7,1,6,6
19745,8,5,3,3
19746,1,5,4,-4
19747,1,4,3,-3
19748,6,8,2,-2
19749,4,7,3,-3
19750,4,10,6,-6
19751,13,5,8,8
19752,1,2,1,-1
19753,2,4,2,-2
19754,2,1,1,1
19755,4,10,6,-6
19756,2,0,2,2
19757,1,14,13,-13
19758,9,4,5,5
19759,7,9,2,-2
19760,0,8,8,-8
19761,3,2,1,1
19762,8,4,4,4
19763,3,4,1,-1
19764,6,5,1,1
19765,1,0,1,1
19766,10,3,7,7
19767,8,7,1,1
19768,5,2,3,3
19769,3,8,5,-5
19770,3,2,1,1
19771,3,4,1,-1
19772,5,4,1,1
19773,2,5,3,-3
19774,8,6,2,2
19775,3,5,2,-2
19776,13,10,3,3
19777,3,8,5,-5
19778,15,2,13,13
19779,1,9,8,-8
19780,8,4,4,4
19781,4,3,1,1
19782,1,4,3,-3
19783,2,5,3,-3
19784,6,2,4,4
19785,4,7,3,-3
19786,2,4,2,-2
19787,4,3,1,1
19788,0,1,1,-1
19789,7,4,3,3
19790,8,2,6,6
19791,0,1,1,-1
19792,3,4,1,-1
19793,9,5,4,4
19794,5,4,1,1
19795,6,3,3,3
19796,3,4,1,-1
19797,5,4,1,1
19798,2,3,1,-1
19799,1,0,1,1
19800,3,7,4,-4
19801,5,6,1,-1
19802,5,1,4,4
19803,4,6,2,-2
19804,5,4,1,1
19805,4,3,1,1
19806,0,6,6,-6
19807,4,3,1,1
19808,5,6,1,-1
19809,8,1,7,7
19810,7,4,3,3
19811,15,9,6,6
19812,6,4,2,2
19813,0,3,3,-3
19814,1,4,3,-3
19815,4,1,3,3
19816,2,6,4,-4
19817,2,12,10,-10
19818,15,6,9,9
19819,3,8,5,-5
19820,4,3,1,1
19821,11,1,10,10
19822,9,5,4,4
19823,12,6,6,6
19824,12,4,8,8
19825,0,11,11,-11
19826,8,0,8,8
19827,2,5,3,-3
19828,1,3,2,-2
19829,7,4,3,3
19830,0,2,2,-2
19831,0,3,3,-3
19832,10,1,9,9
19833,0,5,5,-5
19834,14,2,12,12
19835,2,4,2,-2
19836,1,3,2,-2
19837,2,1,1,1
19838,3,5,2,-2
19839,3,4,1,-1
19840,10,4,6,6
19841,4,8,4,-4
19842,4,5,1,-1
19843,8,2,6,6
19844,2,7,5,-5
19845,5,8,3,-3
19846,2,3,1,-1
19847,6,5,1,1
19848,4,8,4,-4
19849,5,6,1,-1
19850,2,3,1,-1
19851,6,10,4,-4
19852,5,7,2,-2
19853,3,2,1,1
19854,1,2,1,-1
19855,7,5,2,2
19856,3,4,1,-1
19857,3,1,2,2
19858,7,6,1,1
19859,1,2,1,-1
19860,3,2,1,1
19861,3,2,1,1
19862,2,3,1,-1
19863,4,12,8,-8
19864,2,3,1,-1
19865,7,6,1,1
19866,8,6,2,2
19867,1,2,1,-1
19868,4,0,4,4
19869,7,4,3,3
19870,3,6,3,-3
19871,2,1,1,1
19872,11,2,9,9
19873,3,1,2,2
19874,6,0,6,6
19875,7,0,7,7
19876,4,9,5,-5
19877,2,3,1,-1
19878,3,9,6,-6
19879,7,10,3,-3
19880,4,5,1,-1
19881,4,12,8,-8
19882,2,3,1,-1
19883,4,0,4,4
19884,0,4,4,-4
19885,3,2,1,1
19886,5,2,3,3
19887,11,0,11,11
19888,1,3,2,-2
19889,3,12,9,-9
19890,5,6,1,-1
19891,13,11,2,2
19892,4,13,9,-9
19893,6,5,1,1
19894,6,10,4,-4
19895,1,4,3,-3
19896,5,11,6,-6
19897,8,0,8,8
19898,9,4,5,5
19899,1,4,3,-3
19900,6,4,2,2
19901,8,7,1,1
19902,4,0,4,4
19903,2,3,1,-1
19904,3,7,4,-4
19905,6,4,2,2
19906,2,4,2,-2
19907,6,7,1,-1
19908,4,6,2,-2
19909,5,0,5,5
19910,2,6,4,-4
19911,5,1,4,4
19912,3,4,1,-1
19913,11,2,9,9
19914,6,0,6,6
19915,3,5,2,-2
19916,2,0,2,2
19917,4,7,3,-3
19918,6,8,2,-2
19919,3,1,2,2
19920,8,4,4,4
19921,3,2,1,1
19922,2,5,3,-3
19923,0,2,2,-2
19924,8,9,1,-1
19925,3,5,2,-2
19926,6,5,1,1
19927,1,3,2,-2
19928,4,3,1,1
19929,8,5,3,3
19930,9,0,9,9
19931,3,2,1,1
19932,0,3,3,-3
19933,3,4,1,-1
19934,4,5,1,-1
19935,5,3,2,2
19936,2,4,2,-2
19937,4,7,3,-3
19938,1,2,1,-1
19939,8,2,6,6
19940,2,1,1,1
19941,6,1,5,5
19942,2,14,12,-12
19943,7,6,1,1
19944,0,11,11,-11
19945,8,5,3,3
19946,6,0,6,6
19947,16,2,14,14
19948,6,7,1,-1
19949,3,4,1,-1
19950,2,7,5,-5
19951,2,4,2,-2
19952,8,5,3,3
19953,2,3,1,-1
19954,2,4,2,-2
19955,4,0,4,4
19956,7,1,6,6
19957,15,7,8,8
19958,10,6,4,4
19959,2,3,1,-1
19960,4,2,2,2
19961,1,0,1,1
19962,7,4,3,3
19963,5,0,5,5
19964,4,13,9,-9
19965,1,2,1,-1
19966,8,0,8,8
19967,3,6,3,-3
19968,6,2,4,4
19969,3,11,8,-8
19970,1,2,1,-1
19971,3,5,2,-2
19972,6,5,1,1
19973,6,9,3,-3
19974,4,1,3,3
19975,5,2,3,3
19976,4,5,1,-1
19977,2,5,3,-3
19978,2,1,1,1
19979,5,2,3,3
19980,4,1,3,3
19981,9,2,7,7
19982,3,6,3,-3
19983,2,1,1,1
19984,4,7,3,-3
19985,6,11,5,-5
19986,5,4,1,1
19987,9,3,6,6
19988,3,1,2,2
19989,2,11,9,-9
19990,11,10,1,1
19991,6,2,4,4
19992,3,6,3,-3
19993,3,1,2,2
19994,2,11,9,-9
19995,9,5,4,4
19996,5,4,1,1
19997,4,9,5,-5
19998,10,9,1,1
19999,1,0,1,1
20000,10,5,5,5
20001,3,5,2,-2
20002,2,1,1,1
20003,4,8,4,-4
20004,0,4,4,-4
20005,5,3,2,2
20006,10,5,5,5
20007,5,6,1,-1
20008,1,2,1,-1
20009,5,3,2,2
20010,3,6,3,-3
20011,10,3,7,7
20012,2,6,4,-4
20013,3,4,1,-1
20014,9,5,4,4
20015,1,6,5,-5
20016,6,7,1,-1
20017,5,2,3,3
20018,6,4,2,2
20019,5,3,2,2
20020,7,3,4,4
20021,5,3,2,2
20022,4,3,1,1
20023,2,4,2,-2
20024,5,0,5,5
20025,3,5,2,-2
20026,1,2,1,-1
20027,1,17,16,-16
20028,2,11,9,-9
20029,4,5,1,-1
20030,1,6,5,-5
20031,2,6,4,-4
20032,5,3,2,2
20033,7,2,5,5
20034,6,5,1,1
20035,6,4,2,2
20036,7,10,3,-3
20037,1,2,1,-1
20038,6,5,1,1
20039,3,6,3,-3
20040,2,1,1,1
20041,1,0,1,1
20042,1,2,1,-1
20043,3,2,1,1
20044,2,4,2,-2
20045,2,12,10,-10
20046,0,7,7,-7
20047,0,4,4,-4
20048,3,5,2,-2
20049,3,5,2,-2
20050,5,3,2,2
20051,5,3,2,2
20052,8,9,1,-1
20053,6,5,1,1
20054,1,4,3,-3
20055,8,9,1,-1
20056,8,2,6,6
20057,1,4,3,-3
20058,5,6,1,-1
20059,12,1,11,11
20060,2,3,1,-1
20061,6,3,3,3
20062,2,0,2,2
20063,4,1,3,3
20064,4,6,2,-2
20065,6,0,6,6
20066,5,3,2,2
20067,7,5,2,2
20068,5,1,4,4
20069,7,0,7,7
20070,4,5,1,-1
20071,5,3,2,2
20072,6,2,4,4
20073,7,1,6,6
20074,2,6,4,-4
20075,2,4,2,-2
20076,3,2,1,1
20077,10,5,5,5
20078,2,0,2,2
20079,8,1,7,7
20080,1,3,2,-2
20081,3,2,1,1
20082,6,1,5,5
20083,4,12,8,-8
20084,8,3,5,5
20085,7,4,3,3
20086,12,5,7,7
20087,1,4,3,-3
20088,2,5,3,-3
20089,8,3,5,5
20090,4,5,1,-1
20091,3,1,2,2
20092,1,8,7,-7
20093,4,5,1,-1
20094,10,0,10,10
20095,4,5,1,-1
20096,6,2,4,4
20097,4,9,5,-5
20098,7,6,1,1
20099,4,1,3,3
20100,5,4,1,1
20101,5,3,2,2
20102,3,6,3,-3
20103,3,5,2,-2
20104,5,4,1,1
20105,8,3,5,5
20106,5,4,1,1
20107,2,7,5,-5
20108,5,4,1,1
20109,9,10,1,-1
20110,6,1,5,5
20111,1,4,3,-3
20112,8,5,3,3
20113,5,9,4,-4
20114,1,5,4,-4
20115,7,2,5,5
20116,2,5,3,-3
20117,0,5,5,-5
20118,0,3,3,-3
20119,1,3,2,-2
20120,10,1,9,9
20121,1,3,2,-2
20122,2,3,1,-1
20123,9,2,7,7
20124,2,1,1,1
20125,2,4,2,-2
20126,0,2,2,-2
20127,0,3,3,-3
20128,0,6,6,-6
20129,2,10,8,-8
20130,3,2,1,1
20131,2,4,2,-2
20132,10,5,5,5
20133,10,1,9,9
20134,2,7,5,-5
20135,3,5,2,-2
20136,0,1,1,-1
20137,5,1,4,4
20138,3,1,2,2
20139,5,1,4,4
20140,1,2,1,-1
20141,2,3,1,-1
20142,2,11,9,-9
20143,0,6,6,-6
20144,3,2,1,1
20145,4,2,2,2
20146,4,6,2,-2
20147,3,5,2,-2
20148,1,0,1,1
20149,5,4,1,1
20150,0,3,3,-3
20151,2,9,7,-7
20152,2,1,1,1
20153,0,4,4,-4
20154,5,2,3,3
20155,3,1,2,2
20156,1,11,10,-10
20157,1,4,3,-3
20158,4,1,3,3
20159,1,0,1,1
20160,4,1,3,3
20161,10,12,2,-2
20162,5,4,1,1
20163,4,5,1,-1
20164,5,0,5,5
20165,9,3,6,6
20166,8,2,6,6
20167,3,4,1,-1
20168,3,6,3,-3
20169,8,2,6,6
20170,8,1,7,7
20171,2,6,4,-4
20172,4,5,1,-1
20173,1,4,3,-3
20174,9,5,4,4
20175,3,4,1,-1
20176,6,5,1,1
20177,1,8,7,-7
20178,2,6,4,-4
20179,11,2,9,9
20180,4,5,1,-1
20181,1,2,1,-1
20182,7,1,6,6
20183,1,2,1,-1
20184,2,0,2,2
20185,4,8,4,-4
20186,5,4,1,1
20187,6,5,1,1
20188,7,5,2,2
20189,4,1,3,3
20190,6,17,11,-11
20191,1,2,1,-1
20192,4,1,3,3
20193,6,8,2,-2
20194,6,8,2,-2
20195,8,4,4,4
20196,11,4,7,7
20197,0,3,3,-3
20198,3,4,1,-1
20199,1,5,4,-4
20200,3,4,1,-1
20201,3,8,5,-5
20202,2,8,6,-6
20203,1,6,5,-5
20204,5,2,3,3
20205,7,8,1,-1
20206,5,3,2,2
20207,6,4,2,2
20208,7,1,6,6
20209,9,10,1,-1
20210,2,3,1,-1
20211,1,3,2,-2
20212,1,2,1,-1
20213,1,3,2,-2
20214,3,8,5,-5
20215,5,3,2,2
20216,5,12,7,-7
20217,3,4,1,-1
20218,8,5,3,3
20219,5,6,1,-1
20220,4,5,1,-1
20221,3,8,5,-5
20222,7,0,7,7
20223,7,2,5,5
20224,6,0,6,6
20225,3,8,5,-5
20226,6,9,3,-3
20227,3,9,6,-6
20228,8,5,3,3
20229,5,1,4,4
20230,1,0,1,1
20231,1,2,1,-1
20232,2,5,3,-3
20233,6,7,1,-1
20234,4,11,7,-7
20235,6,1,5,5
20236,6,1,5,5
20237,8,6,2,2
20238,5,9,4,-4
20239,3,2,1,1
20240,3,8,5,-5
20241,3,7,4,-4
20242,9,2,7,7
20243,1,2,1,-1
20244,5,6,1,-1
20245,4,3,1,1
20246,9,5,4,4
20247,7,4,3,3
20248,4,1,3,3
20249,7,4,3,3
20250,2,8,6,-6
20251,2,3,1,-1
20252,1,2,1,-1
20253,2,3,1,-1
20254,2,0,2,2
20255,4,6,2,-2
20256,1,9,8,-8
20257,1,6,5,-5
20258,8,11,3,-3
20259,3,5,2,-2
20260,6,0,6,6
20261,7,6,1,1
20262,2,4,2,-2
20263,2,1,1,1
20264,5,1,4,4
20265,3,8,5,-5
20266,8,10,2,-2
20267,2,6,4,-4
20268,2,4,2,-2
20269,9,8,1,1
20270,3,7,4,-4
20271,1,6,5,-5
20272,1,9,8,-8
20273,0,4,4,-4
20274,11,8,3,3
20275,7,4,3,3
20276,7,2,5,5
20277,0,4,4,-4
20278,4,0,4,4
20279,0,6,6,-6
20280,4,1,3,3
20281,3,8,5,-5
20282,2,5,3,-3
20283,3,7,4,-4
20284,16,0,16,16
20285,4,7,3,-3
20286,3,4,1,-1
20287,2,6,4,-4
20288,5,3,2,2
20289,12,4,8,8
20290,7,1,6,6
20291,2,8,6,-6
20292,0,2,2,-2
20293,2,3,1,-1
20294,3,2,1,1
20295,8,5,3,3
20296,5,0,5,5
20297,4,7,3,-3
20298,5,4,1,1
20299,4,5,1,-1
20300,1,7,6,-6
20301,1,3,2,-2
20302,1,6,5,-5
20303,2,4,2,-2
20304,10,7,3,3
20305,2,0,2,2
20306,3,6,3,-3
20307,1,6,5,-5
20308,0,5,5,-5
20309,1,3,2,-2
20310,1,6,5,-5
20311,8,4,4,4
20312,9,3,6,6
20313,5,1,4,4
20314,5,7,2,-2
20315,1,2,1,-1
20316,4,11,7,-7
20317,3,10,7,-7
20318,6,9,3,-3
20319,7,4,3,3
20320,2,4,2,-2
20321,6,1,5,5
20322,9,6,3,3
20323,2,1,1,1
20324,5,0,5,5
20325,14,1,13,13
20326,3,2,1,1
20327,7,4,3,3
20328,2,4,2,-2
20329,0,1,1,-1
20330,0,6,6,-6
20331,2,3,1,-1
20332,7,1,6,6
20333,2,4,2,-2
20334,6,3,3,3
20335,4,7,3,-3
20336,7,2,5,5
20337,5,7,2,-2
20338,6,3,3,3
20339,1,0,1,1
20340,9,11,2,-2
20341,1,3,2,-2
20342,4,5,1,-1
20343,11,3,8,8
20344,2,11,9,-9
20345,3,4,1,-1
20346,1,7,6,-6
20347,1,3,2,-2
20348,5,7,2,-2
20349,5,2,3,3
20350,2,8,6,-6
20351,3,0,3,3
20352,3,4,1,-1
20353,5,7,2,-2
20354,8,7,1,1
20355,1,4,3,-3
20356,7,2,5,5
20357,2,7,5,-5
20358,1,4,3,-3
20359,5,4,1,1
20360,5,2,3,3
20361,4,5,1,-1
20362,1,3,2,-2
20363,7,6,1,1
20364,9,4,5,5
20365,3,7,4,-4
20366,0,4,4,-4
20367,4,1,3,3
20368,12,4,8,8
20369,9,5,4,4
20370,1,0,1,1
20371,4,1,3,3
20372,4,2,2,2
20373,2,7,5,-5
20374,4,3,1,1
20375,7,3,4,4
20376,1,5,4,-4
20377,0,2,2,-2
20378,6,4,2,2
20379,12,7,5,5
20380,5,3,2,2
20381,5,4,1,1
20382,4,3,1,1
20383,12,3,9,9
20384,5,7,2,-2
20385,2,4,2,-2
20386,2,4,2,-2
20387,2,1,1,1
20388,2,0,2,2
20389,3,7,4,-4
20390,4,3,1,1
20391,3,4,1,-1
20392,7,1,6,6
20393,3,6,3,-3
20394,8,3,5,5
20395,2,7,5,-5
20396,3,1,2,2
20397,0,2,2,-2
20398,3,4,1,-1
20399,2,0,2,2
20400,5,2,3,3
20401,9,2,7,7
20402,5,7,2,-2
20403,2,3,1,-1
20404,5,4,1,1
20405,8,7,1,1
20406,3,13,10,-10
20407,5,9,4,-4
20408,5,7,2,-2
20409,7,2,5,5
20410,2,5,3,-3
20411,2,0,2,2
20412,4,0,4,4
20413,3,5,2,-2
20414,4,8,4,-4
20415,8,13,5,-5
20416,2,8,6,-6
20417,5,12,7,-7
20418,1,3,2,-2
20419,0,4,4,-4
20420,4,5,1,-1
20421,4,2,2,2
20422,6,4,2,2
20423,1,5,4,-4
20424,6,4,2,2
20425,5,1,4,4
20426,0,3,3,-3
20427,6,3,3,3
20428,3,6,3,-3
20429,1,4,3,-3
20430,5,4,1,1
20431,0,2,2,-2
20432,2,3,1,-1
20433,4,5,1,-1
20434,0,1,1,-1
20435,7,2,5,5
20436,4,2,2,2
20437,5,1,4,4
20438,2,3,1,-1
20439,2,5,3,-3
20440,7,0,7,7
20441,5,4,1,1
20442,13,5,8,8
20443,6,8,2,-2
20444,0,1,1,-1
20445,3,6,3,-3
20446,2,4,2,-2
20447,6,3,3,3
20448,3,9,6,-6
20449,5,2,3,3
20450,1,3,2,-2
20451,3,4,1,-1
20452,7,3,4,4
20453,2,1,1,1
20454,3,7,4,-4
20455,9,3,6,6
20456,2,3,1,-1
20457,2,13,11,-11
20458,2,3,1,-1
20459,13,5,8,8
20460,2,0,2,2
20461,4,3,1,1
20462,6,3,3,3
20463,7,3,4,4
20464,0,5,5,-5
20465,8,4,4,4
20466,6,7,1,-1
20467,9,5,4,4
20468,5,6,1,-1
20469,5,1,4,4
20470,0,1,1,-1
20471,1,3,2,-2
20472,4,1,3,3
20473,2,6,4,-4
20474,6,3,3,3
20475,5,4,1,1
20476,7,5,2,2
20477,9,3,6,6
20478,10,2,8,8
20479,1,4,3,-3
20480,4,6,2,-2
20481,0,1,1,-1
20482,2,5,3,-3
20483,0,2,2,-2
20484,5,3,2,2
20485,1,4,3,-3
20486,4,1,3,3
20487,10,9,1,1
20488,8,6,2,2
20489,0,5,5,-5
20490,4,10,6,-6
20491,3,1,2,2
20492,1,4,3,-3
20493,7,4,3,3
20494,3,1,2,2
20495,5,6,1,-1
20496,9,3,6,6
20497,12,13,1,-1
20498,6,8,2,-2
20499,12,2,10,10
20500,5,6,1,-1
20501,0,1,1,-1
20502,5,4,1,1
20503,4,2,2,2
20504,7,4,3,3
20505,2,6,4,-4
20506,4,5,1,-1
20507,6,3,3,3
20508,4,3,1,1
20509,1,2,1,-1
20510,5,9,4,-4
20511,8,10,2,-2
20512,7,6,1,1
20513,3,2,1,1
20514,4,2,2,2
20515,3,6,3,-3
20516,7,9,2,-2
20517,4,5,1,-1
20518,3,6,3,-3
20519,2,1,1,1
20520,4,1,3,3
20521,2,6,4,-4
20522,2,7,5,-5
20523,11,4,7,7
20524,0,4,4,-4
20525,3,5,2,-2
20526,8,10,2,-2
20527,3,4,1,-1
20528,12,4,8,8
20529,5,6,1,-1
20530,3,0,3,3
20531,0,12,12,-12
20532,1,5,4,-4
20533,3,2,1,1
20534,1,4,3,-3
20535,5,7,2,-2
20536,4,5,1,-1
20537,2,6,4,-4
20538,4,6,2,-2
20539,3,11,8,-8
20540,9,3,6,6
20541,0,3,3,-3
20542,2,4,2,-2
20543,5,8,3,-3
20544,9,2,7,7
20545,3,4,1,-1
20546,10,7,3,3
20547,3,6,3,-3
20548,3,11,8,-8
20549,1,2,1,-1
20550,5,2,3,3
20551,2,1,1,1
20552,6,2,4,4
20553,12,2,10,10
20554,1,2,1,-1
20555,10,14,4,-4
20556,11,2,9,9
20557,4,6,2,-2
20558,0,10,10,-10
20559,1,0,1,1
20560,8,1,7,7
20561,1,2,1,-1
20562,7,5,2,2
20563,2,11,9,-9
20564,6,2,4,4
20565,3,2,1,1
20566,8,3,5,5
20567,7,2,5,5
20568,3,5,2,-2
20569,5,3,2,2
20570,4,1,3,3
20571,7,2,5,5
20572,7,6,1,1
20573,1,4,3,-3
20574,3,4,1,-1
20575,9,6,3,3
20576,0,4,4,-4
20577,3,7,4,-4
20578,6,8,2,-2
20579,8,5,3,3
20580,8,2,6,6
20581,8,7,1,1
20582,3,0,3,3
20583,2,3,1,-1
20584,6,8,2,-2
20585,7,6,1,1
20586,0,5,5,-5
20587,3,10,7,-7
20588,2,12,10,-10
20589,3,11,8,-8
20590,0,2,2,-2
20591,6,7,1,-1
20592,4,5,1,-1
20593,1,2,1,-1
20594,5,9,4,-4
20595,6,4,2,2
20596,4,2,2,2
20597,0,4,4,-4
20598,5,3,2,2
20599,5,4,1,1
20600,6,3,3,3
20601,0,2,2,-2
20602,0,11,11,-11
20603,4,7,3,-3
20604,5,3,2,2
20605,9,4,5,5
20606,5,3,2,2
20607,1,5,4,-4
20608,3,4,1,-1
20609,6,0,6,6
20610,2,3,1,-1
20611,2,11,9,-9
20612,3,2,1,1
20613,1,9,8,-8
20614,4,8,4,-4
20615,9,7,2,2
20616,0,7,7,-7
20617,0,1,1,-1
20618,3,2,1,1
20619,6,5,1,1
20620,5,7,2,-2
20621,2,1,1,1
20622,5,4,1,1
20623,5,3,2,2
20624,0,3,3,-3
20625,0,1,1,-1
20626,5,1,4,4
20627,8,7,1,1
20628,6,9,3,-3
20629,1,6,5,-5
20630,3,0,3,3
20631,6,7,1,-1
20632,2,5,3,-3
20633,6,4,2,2
20634,11,5,6,6
20635,4,0,4,4
20636,3,4,1,-1
20637,9,8,1,1
20638,4,2,2,2
20639,2,4,2,-2
20640,2,1,1,1
20641,4,2,2,2
20642,1,0,1,1
20643,2,1,1,1
20644,6,10,4,-4
20645,8,2,6,6
20646,3,1,2,2
20647,2,8,6,-6
20648,17,7,10,10
20649,6,3,3,3
20650,5,1,4,4
20651,7,1,6,6
20652,1,8,7,-7
20653,1,3,2,-2
20654,1,4,3,-3
20655,2,3,1,-1
20656,3,11,8,-8
20657,2,3,1,-1
20658,7,0,7,7
20659,9,14,5,-5
20660,3,12,9,-9
20661,3,1,2,2
20662,2,5,3,-3
20663,2,3,1,-1
20664,3,4,1,-1
20665,11,4,7,7
20666,6,2,4,4
20667,11,0,11,11
20668,2,7,5,-5
20669,4,6,2,-2
20670,2,5,3,-3
20671,4,13,9,-9
20672,3,4,1,-1
20673,9,6,3,3
20674,10,11,1,-1
20675,2,8,6,-6
20676,4,6,2,-2
20677,5,2,3,3
20678,3,4,1,-1
20679,7,5,2,2
20680,6,5,1,1
20681,2,8,6,-6
20682,1,11,10,-10
20683,15,3,12,12
20684,0,1,1,-1
20685,2,3,1,-1
20686,10,5,5,5
20687,9,1,8,8
20688,6,3,3,3
20689,3,5,2,-2
20690,2,5,3,-3
20691,1,17,16,-16
20692,2,3,1,-1
20693,5,6,1,-1
20694,4,3,1,1
20695,9,3,6,6
20696,5,3,2,2
20697,3,2,1,1
20698,2,4,2,-2
20699,3,5,2,-2
20700,12,8,4,4
20701,1,8,7,-7
20702,3,8,5,-5
20703,9,6,3,3
20704,0,2,2,-2
20705,2,3,1,-1
20706,11,4,7,7
20707,6,4,2,2
20708,5,8,3,-3
20709,2,6,4,-4
20710,1,4,3,-3
20711,5,3,2,2
20712,6,8,2,-2
20713,8,4,4,4
20714,2,5,3,-3
20715,4,7,3,-3
20716,0,1,1,-1
20717,4,6,2,-2
20718,0,3,3,-3
20719,2,3,1,-1
20720,1,4,3,-3
20721,3,0,3,3
20722,3,2,1,1
20723,2,6,4,-4
20724,2,4,2,-2
20725,7,4,3,3
20726,5,4,1,1
20727,6,3,3,3
20728,6,3,3,3
20729,2,7,5,-5
20730,11,2,9,9
20731,12,14,2,-2
20732,7,5,2,2
20733,3,4,1,-1
20734,2,5,3,-3
20735,1,4,3,-3
20736,1,3,2,-2
20737,3,2,1,1
20738,4,5,1,-1
20739,1,5,4,-4
20740,17,5,12,12
20741,2,3,1,-1
20742,2,3,1,-1
20743,2,3,1,-1
20744,4,10,6,-6
20745,1,3,2,-2
20746,4,11,7,-7
20747,10,5,5,5
20748,2,6,4,-4
20749,7,1,6,6
20750,2,6,4,-4
20751,5,20,15,-15
20752,7,8,1,-1
20753,5,1,4,4
20754,3,0,3,3
20755,3,2,1,1
20756,3,2,1,1
20757,4,18,14,-14
20758,3,1,2,2
20759,6,3,3,3
20760,2,7,5,-5
20761,6,12,6,-6
20762,15,4,11,11
20763,4,5,1,-1
20764,5,1,4,4
20765,8,5,3,3
20766,4,3,1,1
20767,5,6,1,-1
20768,3,10,7,-7
20769,9,0,9,9
20770,1,4,3,-3
20771,8,13,5,-5
20772,10,2,8,8
20773,3,4,1,-1
20774,6,0,6,6
20775,3,0,3,3
20776,1,2,1,-1
20777,7,4,3,3
20778,1,10,9,-9
20779,4,6,2,-2
20780,2,1,1,1
20781,3,4,1,-1
20782,3,4,1,-1
20783,3,1,2,2
20784,3,6,3,-3
20785,8,2,6,6
20786,1,2,1,-1
20787,4,5,1,-1
20788,10,2,8,8
20789,0,5,5,-5
20790,7,5,2,2
20791,2,0,2,2
20792,1,3,2,-2
20793,9,10,1,-1
20794,6,2,4,4
20795,5,3,2,2
20796,8,4,4,4
20797,7,3,4,4
20798,5,1,4,4
20799,1,4,3,-3
20800,2,0,2,2
20801,3,9,6,-6
20802,5,6,1,-1
20803,4,8,4,-4
20804,14,2,12,12
20805,7,4,3,3
20806,5,6,1,-1
20807,9,4,5,5
20808,2,5,3,-3
20809,5,9,4,-4
20810,2,19,17,-17
20811,4,5,1,-1
20812,0,3,3,-3
20813,0,2,2,-2
20814,4,2,2,2
20815,4,5,1,-1
20816,3,0,3,3
20817,9,0,9,9
20818,2,4,2,-2
20819,0,4,4,-4
20820,4,19,15,-15
20821,8,3,5,5
20822,5,8,3,-3
20823,2,4,2,-2
20824,1,5,4,-4
20825,5,4,1,1
20826,3,6,3,-3
20827,3,2,1,1
20828,2,11,9,-9
20829,5,4,1,1
20830,4,6,2,-2
20831,7,4,3,3
20832,6,4,2,2
20833,1,5,4,-4
20834,2,1,1,1
20835,7,10,3,-3
20836,2,3,1,-1
20837,2,0,2,2
20838,2,4,2,-2
20839,3,7,4,-4
20840,5,4,1,1
20841,1,7,6,-6
20842,9,1,8,8
20843,5,4,1,1
20844,13,7,6,6
20845,6,9,3,-3
20846,5,6,1,-1
20847,0,3,3,-3
20848,8,11,3,-3
20849,3,0,3,3
20850,1,4,3,-3
20851,5,4,1,1
20852,0,2,2,-2
20853,4,7,3,-3
20854,1,2,1,-1
20855,2,6,4,-4
20856,11,6,5,5
20857,4,3,1,1
20858,8,2,6,6
20859,0,1,1,-1
20860,2,6,4,-4
20861,5,0,5,5
20862,5,4,1,1
20863,1,9,8,-8
20864,19,6,13,13
20865,1,5,4,-4
20866,3,4,1,-1
20867,3,5,2,-2
20868,5,10,5,-5
20869,6,1,5,5
20870,6,7,1,-1
20871,7,4,3,3
20872,6,2,4,4
20873,4,6,2,-2
20874,5,6,1,-1
20875,2,5,3,-3
20876,1,10,9,-9
20877,2,5,3,-3
20878,6,3,3,3
20879,7,11,4,-4
20880,6,9,3,-3
20881,11,10,1,1
20882,18,5,13,13
20883,12,1,11,11
20884,6,4,2,2
20885,5,11,6,-6
20886,8,5,3,3
20887,3,1,2,2
20888,1,0,1,1
20889,5,6,1,-1
20890,7,5,2,2
20891,5,1,4,4
20892,1,3,2,-2
20893,6,5,1,1
20894,9,8,1,1
20895,7,8,1,-1
20896,6,5,1,1
20897,2,7,5,-5
20898,6,3,3,3
20899,6,2,4,4
20900,2,4,2,-2
20901,7,0,7,7
20902,0,5,5,-5
20903,2,4,2,-2
20904,6,7,1,-1
20905,3,4,1,-1
20906,5,0,5,5
20907,3,2,1,1
20908,16,3,13,13
20909,1,4,3,-3
20910,1,6,5,-5
20911,2,7,5,-5
20912,9,2,7,7
20913,11,2,9,9
20914,10,2,8,8
20915,0,5,5,-5
20916,2,6,4,-4
20917,5,14,9,-9
20918,9,1,8,8
20919,3,5,2,-2
20920,5,6,1,-1
20921,2,8,6,-6
20922,4,6,2,-2
20923,0,5,5,-5
20924,4,5,1,-1
20925,7,1,6,6
20926,1,2,1,-1
20927,12,1,11,11
20928,1,6,5,-5
20929,3,2,1,1
20930,7,6,1,1
20931,5,3,2,2
20932,5,3,2,2
20933,7,0,7,7
20934,5,4,1,1
20935,6,7,1,-1
20936,15,3,12,12
20937,8,3,5,5
20938,5,1,4,4
20939,4,2,2,2
20940,8,2,6,6
20941,3,9,6,-6
20942,4,5,1,-1
20943,3,6,3,-3
20944,4,7,3,-3
20945,4,2,2,2
20946,6,7,1,-1
20947,9,4,5,5
20948,4,5,1,-1
20949,4,3,1,1
20950,4,0,4,4
20951,13,10,3,3
20952,5,0,5,5
20953,1,2,1,-1
20954,3,7,4,-4
20955,2,3,1,-1
20956,7,3,4,4
20957,4,6,2,-2
20958,3,7,4,-4
20959,3,11,8,-8
20960,0,4,4,-4
20961,8,4,4,4
20962,2,3,1,-1
20963,2,3,1,-1
20964,6,5,1,1
20965,12,6,6,6
20966,8,2,6,6
20967,6,7,1,-1
20968,9,4,5,5
20969,10,3,7,7
20970,12,6,6,6
20971,7,5,2,2
20972,8,12,4,-4
20973,4,3,1,1
20974,2,1,1,1
20975,2,7,5,-5
20976,7,6,1,1
20977,4,1,3,3
20978,4,6,2,-2
20979,1,3,2,-2
20980,9,1,8,8
20981,4,5,1,-1
20982,6,2,4,4
20983,3,1,2,2
20984,2,5,3,-3
20985,3,4,1,-1
20986,5,15,10,-10
20987,3,4,1,-1
20988,10,5,5,5
20989,8,3,5,5
20990,11,2,9,9
20991,5,1,4,4
20992,2,6,4,-4
20993,1,4,3,-3
20994,1,2,1,-1
20995,0,5,5,-5
20996,9,4,5,5
20997,7,1,6,6
20998,2,6,4,-4
20999,5,11,6,-6
21000,2,11,9,-9
21001,4,10,6,-6
21002,5,9,4,-4
21003,1,2,1,-1
21004,7,3,4,4
21005,10,5,5,5
21006,4,5,1,-1
21007,1,4,3,-3
21008,0,4,4,-4
21009,2,3,1,-1
21010,0,5,5,-5
21011,1,0,1,1
21012,5,4,1,1
21013,5,8,3,-3
21014,5,2,3,3
21015,8,5,3,3
21016,5,11,6,-6
21017,0,3,3,-3
21018,7,4,3,3
21019,8,1,7,7
21020,4,3,1,1
21021,3,6,3,-3
21022,9,5,4,4
21023,3,5,2,-2
21024,5,2,3,3
21025,5,3,2,2
21026,4,5,1,-1
21027,1,2,1,-1
21028,4,5,1,-1
21029,1,10,9,-9
21030,0,2,2,-2
21031,0,6,6,-6
21032,6,11,5,-5
21033,1,0,1,1
21034,4,5,1,-1
21035,3,2,1,1
21036,6,3,3,3
21037,4,25,21,-21
21038,3,1,2,2
21039,4,2,2,2
21040,1,2,1,-1
21041,6,2,4,4
21042,3,6,3,-3
21043,2,6,4,-4
21044,5,2,3,3
21045,6,10,4,-4
21046,4,6,2,-2
21047,9,2,7,7
21048,3,6,3,-3
21049,3,5,2,-2
21050,10,5,5,5
21051,4,7,3,-3
21052,2,0,2,2
21053,7,5,2,2
21054,3,8,5,-5
21055,8,3,5,5
21056,2,7,5,-5
21057,8,1,7,7
21058,6,1,5,5
21059,5,21,16,-16
21060,4,2,2,2
21061,2,5,3,-3
21062,2,3,1,-1
21063,4,10,6,-6
21064,7,15,8,-8
21065,4,6,2,-2
21066,7,3,4,4
21067,2,4,2,-2
21068,8,17,9,-9
21069,3,6,3,-3
21070,4,5,1,-1
21071,2,1,1,1
21072,3,5,2,-2
21073,2,1,1,1
21074,1,5,4,-4
21075,6,7,1,-1
21076,1,4,3,-3
21077,7,4,3,3
21078,4,6,2,-2
21079,0,1,1,-1
21080,7,2,5,5
21081,3,2,1,1
21082,3,11,8,-8
21083,3,9,6,-6
21084,4,5,1,-1
21085,14,0,14,14
21086,4,8,4,-4
21087,0,3,3,-3
21088,3,8,5,-5
21089,8,4,4,4
21090,7,1,6,6
21091,2,6,4,-4
21092,1,4,3,-3
21093,0,3,3,-3
21094,2,8,6,-6
21095,1,2,1,-1
21096,5,1,4,4
21097,2,1,1,1
21098,1,3,2,-2
21099,3,2,1,1
21100,10,6,4,4
21101,2,3,1,-1
21102,5,4,1,1
21103,5,4,1,1
21104,3,5,2,-2
21105,2,1,1,1
21106,1,2,1,-1
21107,4,5,1,-1
21108,3,4,1,-1
21109,5,6,1,-1
21110,0,6,6,-6
21111,3,6,3,-3
21112,8,7,1,1
21113,9,6,3,3
21114,2,3,1,-1
21115,0,2,2,-2
21116,1,2,1,-1
21117,4,6,2,-2
21118,3,1,2,2
21119,2,6,4,-4
21120,7,0,7,7
21121,0,10,10,-10
21122,3,1,2,2
21123,4,3,1,1
21124,5,2,3,3
21125,10,2,8,8
21126,3,2,1,1
21127,11,5,6,6
21128,6,1,5,5
21129,2,1,1,1
21130,3,8,5,-5
21131,3,1,2,2
21132,5,11,6,-6
21133,4,3,1,1
21134,3,2,1,1
21135,5,0,5,5
21136,4,2,2,2
21137,3,4,1,-1
21138,4,11,7,-7
21139,10,7,3,3
21140,0,6,6,-6
21141,4,3,1,1
21142,7,1,6,6
21143,4,8,4,-4
21144,0,8,8,-8
21145,8,3,5,5
21146,0,6,6,-6
21147,7,3,4,4
21148,2,5,3,-3
21149,0,9,9,-9
21150,2,3,1,-1
21151,5,4,1,1
21152,7,11,4,-4
21153,10,5,5,5
21154,8,5,3,3
21155,8,4,4,4
21156,10,5,5,5
21157,3,6,3,-3
21158,4,5,1,-1
21159,8,6,2,2
21160,3,7,4,-4
21161,4,5,1,-1
21162,5,8,3,-3
21163,1,10,9,-9
21164,2,3,1,-1
21165,0,3,3,-3
21166,4,5,1,-1
21167,6,2,4,4
21168,0,2,2,-2
21169,10,13,3,-3
21170,3,4,1,-1
21171,19,12,7,7
21172,0,1,1,-1
21173,3,5,2,-2
21174,5,2,3,3
21175,7,0,7,7
21176,12,7,5,5
21177,7,0,7,7
21178,4,2,2,2
21179,9,4,5,5
21180,3,6,3,-3
21181,2,3,1,-1
21182,3,4,1,-1
21183,5,1,4,4
21184,4,0,4,4
21185,7,0,7,7
21186,5,0,5,5
21187,6,4,2,2
21188,3,1,2,2
21189,4,3,1,1
21190,3,2,1,1
21191,8,3,5,5
21192,3,5,2,-2
21193,3,1,2,2
21194,7,8,1,-1
21195,3,4,1,-1
21196,9,2,7,7
21197,3,4,1,-1
21198,4,3,1,1
21199,3,9,6,-6
21200,3,4,1,-1
21201,8,7,1,1
21202,4,1,3,3
21203,9,7,2,2
21204,2,4,2,-2
21205,4,3,1,1
21206,8,2,6,6
21207,2,7,5,-5
21208,1,2,1,-1
21209,1,9,8,-8
21210,1,6,5,-5
21211,10,3,7,7
21212,5,2,3,3
21213,6,3,3,3
21214,6,7,1,-1
21215,5,9,4,-4
21216,1,3,2,-2
21217,8,5,3,3
21218,6,7,1,-1
21219,3,5,2,-2
21220,6,10,4,-4
21221,7,0,7,7
21222,8,1,7,7
21223,2,1,1,1
21224,2,1,1,1
21225,7,3,4,4
21226,4,6,2,-2
21227,3,6,3,-3
21228,6,3,3,3
21229,5,1,4,4
21230,6,5,1,1
21231,2,5,3,-3
21232,1,4,3,-3
21233,2,3,1,-1
21234,6,4,2,2
21235,2,5,3,-3
21236,4,8,4,-4
21237,4,3,1,1
21238,3,4,1,-1
21239,4,7,3,-3
21240,3,2,1,1
21241,2,4,2,-2
21242,16,5,11,11
21243,6,5,1,1
21244,1,12,11,-11
21245,6,5,1,1
21246,4,6,2,-2
21247,6,1,5,5
21248,2,0,2,2
21249,5,3,2,2
21250,24,4,20,20
21251,6,9,3,-3
21252,1,0,1,1
21253,5,1,4,4
21254,5,4,1,1
21255,2,6,4,-4
21256,8,15,7,-7
21257,3,1,2,2
21258,6,8,2,-2
21259,11,5,6,6
21260,1,2,1,-1
21261,2,4,2,-2
21262,1,0,1,1
21263,9,4,5,5
21264,2,5,3,-3
21265,2,8,6,-6
21266,3,7,4,-4
21267,3,9,6,-6
21268,1,2,1,-1
21269,4,5,1,-1
21270,5,7,2,-2
21271,3,4,1,-1
21272,11,1,10,10
21273,4,6,2,-2
21274,5,3,2,2
21275,1,7,6,-6
21276,3,1,2,2
21277,1,3,2,-2
21278,6,7,1,-1
21279,2,7,5,-5
21280,7,5,2,2
21281,2,5,3,-3
21282,3,1,2,2
21283,4,2,2,2
21284,7,5,2,2
21285,6,11,5,-5
21286,1,7,6,-6
21287,4,5,1,-1
21288,11,7,4,4
21289,4,2,2,2
21290,4,11,7,-7
21291,8,2,6,6
21292,1,2,1,-1
21293,4,3,1,1
21294,2,1,1,1
21295,12,1,11,11
21296,2,0,2,2
21297,6,7,1,-1
21298,0,8,8,-8
21299,4,5,1,-1
21300,2,10,8,-8
21301,9,4,5,5
21302,12,1,11,11
21303,2,4,2,-2
21304,5,3,2,2
21305,2,5,3,-3
21306,2,1,1,1
21307,1,0,1,1
21308,5,4,1,1
21309,8,5,3,3
21310,0,9,9,-9
21311,4,7,3,-3
21312,0,1,1,-1
21313,3,5,2,-2
21314,4,5,1,-1
21315,4,3,1,1
21316,5,2,3,3
21317,2,1,1,1
21318,9,7,2,2
21319,3,6,3,-3
21320,6,1,5,5
21321,4,10,6,-6
21322,6,3,3,3
21323,5,2,3,3
21324,1,2,1,-1
21325,0,6,6,-6
21326,3,2,1,1
21327,1,4,3,-3
21328,2,8,6,-6
21329,1,5,4,-4
21330,2,6,4,-4
21331,3,1,2,2
21332,3,9,6,-6
21333,0,4,4,-4
21334,3,5,2,-2
21335,2,1,1,1
21336,7,8,1,-1
21337,4,10,6,-6
21338,3,7,4,-4
21339,8,2,6,6
21340,4,2,2,2
21341,10,7,3,3
21342,3,6,3,-3
21343,0,6,6,-6
21344,1,7,6,-6
21345,3,4,1,-1
21346,5,0,5,5
21347,3,1,2,2
21348,2,0,2,2
21349,0,7,7,-7
21350,2,7,5,-5
21351,4,6,2,-2
21352,3,4,1,-1
21353,6,3,3,3
21354,2,3,1,-1
21355,7,5,2,2
21356,1,11,10,-10
21357,0,1,1,-1
21358,6,7,1,-1
21359,0,3,3,-3
21360,7,6,1,1
21361,9,3,6,6
21362,7,5,2,2
21363,6,3,3,3
21364,4,5,1,-1
21365,7,1,6,6
21366,3,10,7,-7
21367,2,4,2,-2
21368,4,3,1,1
21369,6,10,4,-4
21370,1,9,8,-8
21371,4,5,1,-1
21372,1,3,2,-2
21373,9,1,8,8
21374,0,3,3,-3
21375,3,5,2,-2
21376,8,3,5,5
21377,10,3,7,7
21378,5,1,4,4
21379,6,1,5,5
21380,1,7,6,-6
21381,6,2,4,4
21382,1,5,4,-4
21383,6,8,2,-2
21384,2,5,3,-3
21385,0,9,9,-9
21386,12,3,9,9
21387,3,7,4,-4
21388,4,0,4,4
21389,4,7,3,-3
21390,15,0,15,15
21391,1,3,2,-2
21392,3,1,2,2
21393,5,3,2,2
21394,7,2,5,5
21395,12,5,7,7
21396,6,2,4,4
21397,1,9,8,-8
21398,8,3,5,5
21399,4,7,3,-3
21400,5,3,2,2
21401,0,2,2,-2
21402,7,10,3,-3
21403,0,7,7,-7
21404,4,11,7,-7
21405,6,2,4,4
21406,5,9,4,-4
21407,1,2,1,-1
21408,7,9,2,-2
21409,5,4,1,1
21410,1,2,1,-1
21411,0,1,1,-1
21412,2,5,3,-3
21413,3,2,1,1
21414,5,12,7,-7
21415,7,8,1,-1
21416,1,8,7,-7
21417,4,3,1,1
21418,2,6,4,-4
21419,4,5,1,-1
21420,8,4,4,4
21421,8,5,3,3
21422,10,3,7,7
21423,13,12,1,1
21424,6,8,2,-2
21425,3,8,5,-5
21426,3,1,2,2
21427,2,0,2,2
21428,5,10,5,-5
21429,6,14,8,-8
21430,4,3,1,1
21431,4,5,1,-1
21432,2,9,7,-7
21433,4,1,3,3
21434,3,1,2,2
21435,5,4,1,1
21436,2,1,1,1
21437,3,1,2,2
21438,2,3,1,-1
21439,0,5,5,-5
21440,9,4,5,5
21441,3,5,2,-2
21442,5,2,3,3
21443,8,7,1,1
21444,7,1,6,6
21445,3,2,1,1
21446,2,3,1,-1
21447,6,5,1,1
21448,1,2,1,-1
21449,0,7,7,-7
21450,0,7,7,-7
21451,5,12,7,-7
21452,4,1,3,3
21453,1,6,5,-5
21454,0,3,3,-3
21455,3,0,3,3
21456,2,9,7,-7
21457,5,7,2,-2
21458,5,7,2,-2
21459,10,7,3,3
21460,3,5,2,-2
21461,2,3,1,-1
21462,3,6,3,-3
21463,7,1,6,6
21464,4,2,2,2
21465,2,1,1,1
21466,4,0,4,4
21467,4,5,1,-1
21468,6,1,5,5
21469,5,3,2,2
21470,3,7,4,-4
21471,4,5,1,-1
21472,1,2,1,-1
21473,8,7,1,1
21474,4,7,3,-3
21475,1,5,4,-4
21476,2,3,1,-1
21477,6,1,5,5
21478,8,1,7,7
21479,7,3,4,4
21480,4,1,3,3
21481,6,4,2,2
21482,9,4,5,5
21483,0,8,8,-8
21484,6,4,2,2
21485,2,4,2,-2
21486,1,9,8,-8
21487,11,7,4,4
21488,2,8,6,-6
21489,4,18,14,-14
21490,6,2,4,4
21491,8,2,6,6
21492,8,9,1,-1
21493,4,2,2,2
21494,1,3,2,-2
21495,3,4,1,-1
21496,1,5,4,-4
21497,3,4,1,-1
21498,2,4,2,-2
21499,5,1,4,4
21500,1,4,3,-3
21501,3,6,3,-3
21502,1,2,1,-1
21503,3,1,2,2
21504,7,1,6,6
21505,0,6,6,-6
21506,5,1,4,4
21507,2,6,4,-4
21508,4,11,7,-7
21509,9,4,5,5
21510,1,11,10,-10
21511,3,7,4,-4
21512,11,8,3,3
21513,8,3,5,5
21514,3,9,6,-6
21515,2,5,3,-3
21516,5,1,4,4
21517,5,3,2,2
21518,2,4,2,-2
21519,4,0,4,4
21520,9,8,1,1
21521,3,5,2,-2
21522,7,3,4,4
21523,1,2,1,-1
21524,6,4,2,2
21525,2,3,1,-1
21526,7,6,1,1
21527,10,2,8,8
21528,1,3,2,-2
21529,1,9,8,-8
21530,2,8,6,-6
21531,2,5,3,-3
21532,9,3,6,6
21533,3,10,7,-7
21534,7,6,1,1
21535,6,2,4,4
21536,6,4,2,2
21537,9,4,5,5
21538,3,5,2,-2
21539,6,12,6,-6
21540,4,2,2,2
21541,2,4,2,-2
21542,4,3,1,1
21543,3,5,2,-2
21544,6,3,3,3
21545,5,2,3,3
21546,3,5,2,-2
21547,6,10,4,-4
21548,4,8,4,-4
21549,4,0,4,4
21550,2,14,12,-12
21551,2,3,1,-1
21552,5,4,1,1
21553,2,7,5,-5
21554,2,4,2,-2
21555,3,4,1,-1
21556,5,10,5,-5
21557,1,5,4,-4
21558,3,10,7,-7
21559,5,6,1,-1
21560,5,3,2,2
21561,12,3,9,9
21562,3,4,1,-1
21563,4,1,3,3
21564,6,8,2,-2
21565,4,2,2,2
21566,5,10,5,-5
21567,9,8,1,1
21568,9,5,4,4
21569,7,6,1,1
21570,9,6,3,3
21571,3,6,3,-3
21572,4,6,2,-2
21573,5,6,1,-1
21574,1,0,1,1
21575,5,2,3,3
21576,1,3,2,-2
21577,3,7,4,-4
21578,2,3,1,-1
21579,3,8,5,-5
21580,2,6,4,-4
21581,3,2,1,1
21582,6,10,4,-4
21583,2,13,11,-11
21584,4,1,3,3
21585,7,8,1,-1
21586,5,2,3,3
21587,3,2,1,1
21588,3,4,1,-1
21589,7,2,5,5
21590,5,6,1,-1
21591,0,3,3,-3
21592,1,3,2,-2
21593,6,3,3,3
21594,5,3,2,2
21595,3,1,2,2
21596,7,6,1,1
21597,4,1,3,3
21598,5,11,6,-6
21599,0,1,1,-1
21600,3,2,1,1
21601,2,7,5,-5
21602,5,4,1,1
21603,3,6,3,-3
21604,5,10,5,-5
21605,2,1,1,1
21606,2,0,2,2
21607,5,1,4,4
21608,8,1,7,7
21609,4,5,1,-1
21610,0,13,13,-13
21611,5,1,4,4
21612,2,1,1,1
21613,4,3,1,1
21614,1,8,7,-7
21615,10,0,10,10
21616,0,1,1,-1
21617,5,4,1,1
21618,4,2,2,2
21619,1,3,2,-2
21620,5,4,1,1
21621,1,3,2,-2
21622,3,10,7,-7
21623,3,4,1,-1
21624,2,5,3,-3
21625,9,7,2,2
21626,4,3,1,1
21627,8,2,6,6
21628,3,5,2,-2
21629,3,4,1,-1
21630,4,6,2,-2
21631,5,10,5,-5
21632,2,3,1,-1
21633,4,7,3,-3
21634,2,14,12,-12
21635,4,0,4,4
21636,0,2,2,-2
21637,3,0,3,3
21638,5,0,5,5
21639,8,6,2,2
21640,8,0,8,8
21641,5,4,1,1
21642,4,2,2,2
21643,4,8,4,-4
21644,0,11,11,-11
21645,2,1,1,1
21646,7,1,6,6
21647,0,1,1,-1
21648,3,1,2,2
21649,4,5,1,-1
21650,6,3,3,3
21651,0,3,3,-3
21652,17,4,13,13
21653,6,5,1,1
21654,2,0,2,2
21655,3,5,2,-2
21656,0,15,15,-15
21657,4,10,6,-6
21658,3,10,7,-7
21659,8,7,1,1
21660,5,7,2,-2
21661,6,4,2,2
21662,2,1,1,1
21663,3,2,1,1
21664,6,4,2,2
21665,3,7,4,-4
21666,3,2,1,1
21667,0,5,5,-5
21668,3,4,1,-1
21669,4,8,4,-4
21670,3,4,1,-1
21671,6,4,2,2
21672,4,5,1,-1
21673,9,6,3,3
21674,3,2,1,1
21675,4,5,1,-1
21676,5,1,4,4
21677,11,6,5,5
21678,2,8,6,-6
21679,5,8,3,-3
21680,0,8,8,-8
21681,9,4,5,5
21682,6,7,1,-1
21683,4,2,2,2
21684,5,0,5,5
21685,6,1,5,5
21686,4,1,3,3
21687,3,0,3,3
21688,9,1,8,8
21689,8,1,7,7
21690,2,3,1,-1
21691,4,2,2,2
21692,3,1,2,2
21693,2,5,3,-3
21694,1,2,1,-1
21695,5,4,1,1
21696,6,4,2,2
21697,3,5,2,-2
21698,5,3,2,2
21699,0,7,7,-7
21700,2,3,1,-1
21701,9,7,2,2
21702,4,0,4,4
21703,0,9,9,-9
21704,3,7,4,-4
21705,2,5,3,-3
21706,0,7,7,-7
21707,0,4,4,-4
21708,1,2,1,-1
21709,4,8,4,-4
21710,1,2,1,-1
21711,1,4,3,-3
21712,8,2,6,6
21713,9,0,9,9
21714,1,10,9,-9
21715,0,10,10,-10
21716,9,3,6,6
21717,3,8,5,-5
21718,4,2,2,2
21719,5,4,1,1
21720,5,4,1,1
21721,8,11,3,-3
21722,11,6,5,5
21723,3,21,18,-18
21724,8,9,1,-1
21725,6,2,4,4
21726,5,6,1,-1
21727,5,3,2,2
21728,0,1,1,-1
21729,8,3,5,5
21730,3,5,2,-2
21731,4,2,2,2
21732,4,10,6,-6
21733,7,5,2,2
21734,4,3,1,1
21735,3,11,8,-8
21736,8,10,2,-2
21737,6,7,1,-1
21738,3,8,5,-5
21739,11,3,8,8
21740,5,1,4,4
21741,3,5,2,-2
21742,2,7,5,-5
21743,1,5,4,-4
21744,0,3,3,-3
21745,4,5,1,-1
21746,0,6,6,-6
21747,8,3,5,5
21748,4,5,1,-1
21749,4,5,1,-1
21750,5,10,5,-5
21751,2,3,1,-1
21752,2,3,1,-1
21753,13,0,13,13
21754,2,5,3,-3
21755,2,0,2,2
21756,1,2,1,-1
21757,0,14,14,-14
21758,0,6,6,-6
21759,13,6,7,7
21760,2,9,7,-7
21761,8,6,2,2
21762,6,1,5,5
21763,3,4,1,-1
21764,3,2,1,1
21765,2,6,4,-4
21766,6,3,3,3
21767,5,1,4,4
21768,1,6,5,-5
21769,5,2,3,3
21770,7,4,3,3
21771,5,1,4,4
21772,1,10,9,-9
21773,5,0,5,5
21774,6,4,2,2
21775,3,7,4,-4
21776,4,5,1,-1
21777,2,6,4,-4
21778,4,0,4,4
21779,7,3,4,4
21780,4,1,3,3
21781,5,3,2,2
21782,3,4,1,-1
21783,6,0,6,6
21784,4,3,1,1
21785,3,10,7,-7
21786,7,3,4,4
21787,4,5,1,-1
21788,12,4,8,8
21789,4,9,5,-5
21790,1,4,3,-3
21791,4,5,1,-1
21792,4,2,2,2
21793,8,10,2,-2
21794,9,2,7,7
21795,4,1,3,3
21796,2,7,5,-5
21797,6,7,1,-1
21798,6,1,5,5
21799,0,14,14,-14
21800,0,3,3,-3
21801,3,2,1,1
21802,2,1,1,1
21803,3,9,6,-6
21804,2,3,1,-1
21805,3,19,16,-16
21806,10,3,7,7
21807,10,2,8,8
21808,4,11,7,-7
21809,9,3,6,6
21810,7,8,1,-1
21811,1,3,2,-2
21812,0,3,3,-3
21813,3,5,2,-2
21814,1,4,3,-3
21815,1,2,1,-1
21816,3,9,6,-6
21817,2,0,2,2
21818,12,1,11,11
21819,4,8,4,-4
21820,8,4,4,4
21821,2,5,3,-3
21822,5,6,1,-1
21823,8,1,7,7
21824,10,2,8,8
21825,2,3,1,-1
21826,3,1,2,2
21827,5,8,3,-3
21828,2,1,1,1
21829,11,6,5,5
21830,14,6,8,8
21831,1,2,1,-1
21832,4,12,8,-8
21833,6,12,6,-6
21834,7,6,1,1
21835,2,1,1,1
21836,0,3,3,-3
21837,12,2,10,10
21838,5,6,1,-1
21839,0,1,1,-1
21840,0,3,3,-3
21841,5,4,1,1
21842,10,6,4,4
21843,5,2,3,3
21844,4,3,1,1
21845,5,2,3,3
21846,8,5,3,3
21847,4,9,5,-5
21848,3,8,5,-5
21849,1,4,3,-3
21850,3,4,1,-1
21851,5,10,5,-5
21852,6,5,1,1
21853,0,12,12,-12
21854,0,11,11,-11
21855,0,1,1,-1
21856,1,3,2,-2
21857,3,4,1,-1
21858,15,0,15,15
21859,4,5,1,-1
21860,0,4,4,-4
21861,2,10,8,-8
21862,2,1,1,1
21863,4,5,1,-1
21864,1,3,2,-2
21865,4,9,5,-5
21866,3,1,2,2
21867,2,5,3,-3
21868,9,7,2,2
21869,5,4,1,1
21870,3,5,2,-2
21871,5,12,7,-7
21872,6,3,3,3
21873,4,5,1,-1
21874,4,10,6,-6
21875,0,2,2,-2
21876,2,0,2,2
21877,3,5,2,-2
21878,0,2,2,-2
21879,2,7,5,-5
21880,0,4,4,-4
21881,4,12,8,-8
21882,5,1,4,4
21883,12,4,8,8
21884,2,0,2,2
21885,5,4,1,1
21886,6,1,5,5
21887,9,5,4,4
21888,1,4,3,-3
21889,6,2,4,4
21890,7,6,1,1
21891,2,4,2,-2
21892,0,6,6,-6
21893,5,18,13,-13
21894,3,7,4,-4
21895,2,4,2,-2
21896,6,8,2,-2
21897,3,2,1,1
21898,11,8,3,3
21899,6,8,2,-2
21900,2,1,1,1
21901,5,3,2,2
21902,2,4,2,-2
21903,5,6,1,-1
21904,1,3,2,-2
21905,6,8,2,-2
21906,0,3,3,-3
21907,5,0,5,5
21908,7,8,1,-1
21909,0,3,3,-3
21910,4,5,1,-1
21911,1,5,4,-4
21912,1,3,2,-2
21913,5,6,1,-1
21914,6,3,3,3
21915,3,9,6,-6
21916,7,5,2,2
21917,1,2,1,-1
21918,8,10,2,-2
21919,1,3,2,-2
21920,10,11,1,-1
21921,4,3,1,1
21922,0,8,8,-8
21923,4,3,1,1
21924,4,2,2,2
21925,7,3,4,4
21926,6,5,1,1
21927,10,3,7,7
21928,3,5,2,-2
21929,1,3,2,-2
21930,0,7,7,-7
21931,3,6,3,-3
21932,1,7,6,-6
21933,2,1,1,1
21934,6,5,1,1
21935,4,3,1,1
21936,5,6,1,-1
21937,6,5,1,1
21938,8,5,3,3
21939,8,2,6,6
21940,5,4,1,1
21941,3,1,2,2
21942,0,1,1,-1
21943,1,2,1,-1
21944,0,4,4,-4
21945,4,6,2,-2
21946,2,1,1,1
21947,4,6,2,-2
21948,1,0,1,1
21949,3,5,2,-2
21950,6,4,2,2
21951,5,4,1,1
21952,1,4,3,-3
21953,8,9,1,-1
21954,8,3,5,5
21955,7,6,1,1
21956,2,1,1,1
21957,6,3,3,3
21958,1,0,1,1
21959,0,4,4,-4
21960,3,5,2,-2
21961,4,9,5,-5
21962,4,0,4,4
21963,0,2,2,-2
21964,11,4,7,7
21965,8,4,4,4
21966,1,4,3,-3
21967,4,5,1,-1
21968,3,7,4,-4
21969,8,15,7,-7
21970,0,4,4,-4
21971,10,6,4,4
21972,10,13,3,-3
21973,4,10,6,-6
21974,0,2,2,-2
21975,5,2,3,3
21976,5,3,2,2
21977,1,3,2,-2
21978,8,10,2,-2
21979,2,3,1,-1
21980,2,3,1,-1
21981,4,5,1,-1
21982,4,2,2,2
21983,7,2,5,5
21984,14,8,6,6
21985,5,6,1,-1
21986,6,2,4,4
21987,5,6,1,-1
21988,4,6,2,-2
21989,6,4,2,2
21990,1,5,4,-4
21991,6,4,2,2
21992,9,2,7,7
21993,2,7,5,-5
21994,4,7,3,-3
21995,0,6,6,-6
21996,1,0,1,1
21997,3,4,1,-1
21998,12,6,6,6
21999,2,4,2,-2
22000,12,9,3,3
22001,1,2,1,-1
22002,5,7,2,-2
22003,3,0,3,3
22004,1,4,3,-3
22005,2,7,5,-5
22006,15,3,12,12
22007,12,5,7,7
22008,1,3,2,-2
22009,1,3,2,-2
22010,8,9,1,-1
22011,0,10,10,-10
22012,8,6,2,2
22013,3,4,1,-1
22014,6,5,1,1
22015,3,4,1,-1
22016,2,5,3,-3
22017,4,12,8,-8
22018,5,1,4,4
22019,3,4,1,-1
22020,13,5,8,8
22021,4,5,1,-1
22022,0,14,14,-14
22023,7,1,6,6
22024,14,8,6,6
22025,10,6,4,4
22026,2,7,5,-5
22027,0,4,4,-4
22028,8,11,3,-3
22029,13,2,11,11
22030,7,5,2,2
22031,10,5,5,5
22032,8,2,6,6
22033,3,6,3,-3
22034,6,3,3,3
22035,5,2,3,3
22036,5,2,3,3
22037,1,2,1,-1
22038,6,9,3,-3
22039,15,1,14,14
22040,3,1,2,2
22041,2,7,5,-5
22042,2,4,2,-2
22043,10,3,7,7
22044,9,1,8,8
22045,1,4,3,-3
22046,6,8,2,-2
22047,6,5,1,1
22048,7,6,1,1
22049,6,3,3,3
22050,0,2,2,-2
22051,0,5,5,-5
22052,0,1,1,-1
22053,7,11,4,-4
22054,8,5,3,3
22055,6,7,1,-1
22056,4,0,4,4
22057,7,6,1,1
22058,2,1,1,1
22059,6,2,4,4
22060,1,5,4,-4
22061,8,5,3,3
22062,9,1,8,8
22063,2,3,1,-1
22064,6,3,3,3
22065,4,6,2,-2
22066,1,8,7,-7
22067,9,6,3,3
22068,10,6,4,4
22069,8,6,2,2
22070,11,7,4,4
22071,5,4,1,1
22072,7,11,4,-4
22073,6,5,1,1
22074,2,5,3,-3
22075,4,1,3,3
22076,3,10,7,-7
22077,2,5,3,-3
22078,2,3,1,-1
22079,9,5,4,4
22080,0,3,3,-3
22081,3,4,1,-1
22082,0,4,4,-4
22083,3,1,2,2
22084,1,3,2,-2
22085,4,8,4,-4
22086,3,7,4,-4
22087,9,5,4,4
22088,1,7,6,-6
22089,3,1,2,2
22090,4,0,4,4
22091,4,3,1,1
22092,0,4,4,-4
22093,8,9,1,-1
22094,4,6,2,-2
22095,5,2,3,3
22096,3,2,1,1
22097,7,8,1,-1
22098,8,4,4,4
22099,3,4,1,-1
22100,7,2,5,5
22101,7,10,3,-3
22102,7,6,1,1
22103,5,2,3,3
22104,8,1,7,7
22105,4,5,1,-1
22106,5,3,2,2
22107,6,4,2,2
22108,7,12,5,-5
22109,9,6,3,3
22110,1,6,5,-5
22111,4,0,4,4
22112,4,8,4,-4
22113,3,14,11,-11
22114,8,2,6,6
22115,7,3,4,4
22116,1,5,4,-4
22117,5,3,2,2
22118,6,5,1,1
22119,0,8,8,-8
22120,9,1,8,8
22121,4,2,2,2
22122,2,4,2,-2
22123,0,5,5,-5
22124,3,2,1,1
22125,2,3,1,-1
22126,6,0,6,6
22127,6,3,3,3
22128,2,3,1,-1
22129,6,9,3,-3
22130,4,3,1,1
22131,3,2,1,1
22132,1,4,3,-3
22133,3,5,2,-2
22134,1,2,1,-1
22135,1,0,1,1
22136,1,8,7,-7
22137,4,5,1,-1
22138,4,1,3,3
22139,2,6,4,-4
22140,3,1,2,2
22141,4,1,3,3
22142,2,4,2,-2
22143,11,10,1,1
22144,7,9,2,-2
22145,7,4,3,3
22146,6,1,5,5
22147,6,5,1,1
22148,1,5,4,-4
22149,3,4,1,-1
22150,2,3,1,-1
22151,5,3,2,2
22152,1,4,3,-3
22153,3,2,1,1
22154,5,4,1,1
22155,5,3,2,2
22156,7,3,4,4
22157,2,6,4,-4
22158,5,1,4,4
22159,6,4,2,2
22160,7,2,5,5
22161,6,0,6,6
22162,8,5,3,3
22163,3,9,6,-6
22164,0,5,5,-5
22165,1,3,2,-2
22166,4,2,2,2
22167,2,10,8,-8
22168,6,5,1,1
22169,6,5,1,1
22170,16,7,9,9
22171,4,8,4,-4
22172,8,7,1,1
22173,2,9,7,-7
22174,10,1,9,9
22175,6,5,1,1
22176,4,9,5,-5
22177,1,2,1,-1
22178,1,4,3,-3
22179,5,0,5,5
22180,6,5,1,1
22181,3,2,1,1
22182,3,4,1,-1
22183,4,6,2,-2
22184,6,8,2,-2
22185,4,3,1,1
22186,11,5,6,6
22187,3,4,1,-1
22188,6,7,1,-1
22189,5,4,1,1
22190,4,3,1,1
22191,10,11,1,-1
22192,5,7,2,-2
22193,1,5,4,-4
22194,12,4,8,8
22195,5,13,8,-8
22196,4,3,1,1
22197,12,2,10,10
22198,9,5,4,4
22199,1,6,5,-5
22200,3,6,3,-3
22201,2,7,5,-5
22202,6,7,1,-1
22203,6,3,3,3
22204,0,9,9,-9
22205,2,1,1,1
22206,3,6,3,-3
22207,3,4,1,-1
22208,7,5,2,2
22209,1,9,8,-8
22210,7,4,3,3
22211,4,2,2,2
22212,3,1,2,2
22213,4,10,6,-6
22214,5,11,6,-6
22215,2,5,3,-3
22216,7,6,1,1
22217,6,7,1,-1
22218,3,1,2,2
22219,5,9,4,-4
22220,6,0,6,6
22221,11,2,9,9
22222,0,1,1,-1
22223,2,5,3,-3
22224,6,5,1,1
22225,3,4,1,-1
22226,4,11,7,-7
22227,2,6,4,-4
22228,1,7,6,-6
22229,5,6,1,-1
22230,10,2,8,8
22231,4,0,4,4
22232,2,1,1,1
22233,2,4,2,-2
22234,3,1,2,2
22235,5,0,5,5
22236,5,11,6,-6
22237,3,7,4,-4
22238,2,1,1,1
22239,2,14,12,-12
22240,3,8,5,-5
22241,8,4,4,4
22242,2,6,4,-4
22243,10,2,8,8
22244,0,4,4,-4
22245,7,3,4,4
22246,12,1,11,11
22247,4,3,1,1
22248,11,12,1,-1
22249,6,3,3,3
22250,5,1,4,4
22251,1,6,5,-5
22252,4,5,1,-1
22253,2,4,2,-2
22254,9,1,8,8
22255,9,5,4,4
22256,1,3,2,-2
22257,8,6,2,2
22258,9,12,3,-3
22259,6,4,2,2
22260,3,6,3,-3
22261,8,3,5,5
22262,2,1,1,1
22263,3,4,1,-1
22264,4,9,5,-5
22265,2,9,7,-7
22266,15,1,14,14
22267,1,7,6,-6
22268,6,5,1,1
22269,7,8,1,-1
22270,6,7,1,-1
22271,2,5,3,-3
22272,1,5,4,-4
22273,11,5,6,6
22274,2,5,3,-3
22275,6,7,1,-1
22276,5,2,3,3
22277,1,4,3,-3
22278,1,4,3,-3
22279,7,3,4,4
22280,1,4,3,-3
22281,14,1,13,13
22282,4,5,1,-1
22283,1,3,2,-2
22284,1,5,4,-4
22285,5,4,1,1
22286,2,3,1,-1
22287,6,3,3,3
22288,4,9,5,-5
22289,3,5,2,-2
22290,8,5,3,3
22291,0,1,1,-1
22292,1,3,2,-2
22293,4,3,1,1
22294,7,4,3,3
22295,3,4,1,-1
22296,3,4,1,-1
22297,3,1,2,2
22298,10,3,7,7
22299,3,2,1,1
22300,3,4,1,-1
22301,1,5,4,-4
22302,11,0,11,11
22303,6,5,1,1
22304,6,4,2,2
22305,2,3,1,-1
22306,1,5,4,-4
22307,2,4,2,-2
22308,11,4,7,7
22309,1,0,1,1
22310,3,7,4,-4
22311,1,2,1,-1
22312,5,1,4,4
22313,3,6,3,-3
22314,3,7,4,-4
22315,5,4,1,1
22316,6,7,1,-1
22317,2,3,1,-1
22318,2,8,6,-6
22319,2,6,4,-4
22320,11,0,11,11
22321,7,5,2,2
22322,11,2,9,9
22323,11,6,5,5
22324,0,1,1,-1
22325,1,2,1,-1
22326,2,6,4,-4
22327,4,6,2,-2
22328,3,1,2,2
22329,2,8,6,-6
22330,0,4,4,-4
22331,12,11,1,1
22332,10,9,1,1
22333,7,2,5,5
22334,1,3,2,-2
22335,2,4,2,-2
22336,14,1,13,13
22337,4,3,1,1
22338,7,0,7,7
22339,6,1,5,5
22340,1,2,1,-1
22341,3,4,1,-1
22342,3,6,3,-3
22343,1,0,1,1
22344,5,6,1,-1
22345,2,9,7,-7
22346,9,2,7,7
22347,9,2,7,7
22348,3,4,1,-1
22349,10,8,2,2
22350,4,6,2,-2
22351,7,6,1,1
22352,14,2,12,12
22353,0,3,3,-3
22354,15,2,13,13
22355,4,5,1,-1
22356,15,3,12,12
22357,7,3,4,4
22358,5,8,3,-3
22359,5,13,8,-8
22360,6,5,1,1
22361,7,8,1,-1
22362,3,1,2,2
22363,2,3,1,-1
22364,1,7,6,-6
22365,3,5,2,-2
22366,5,8,3,-3
22367,10,4,6,6
22368,9,2,7,7
22369,10,0,10,10
22370,2,5,3,-3
22371,1,4,3,-3
22372,2,10,8,-8
22373,6,5,1,1
22374,4,12,8,-8
22375,3,5,2,-2
22376,3,5,2,-2
22377,0,4,4,-4
22378,0,6,6,-6
22379,1,4,3,-3
22380,9,1,8,8
22381,4,6,2,-2
22382,3,7,4,-4
22383,1,12,11,-11
22384,8,0,8,8
22385,2,5,3,-3
22386,14,4,10,10
22387,0,9,9,-9
22388,0,6,6,-6
22389,4,5,1,-1
22390,7,6,1,1
22391,11,1,10,10
22392,8,5,3,3
22393,2,0,2,2
22394,5,2,3,3
22395,12,2,10,10
22396,4,5,1,-1
22397,0,2,2,-2
22398,3,6,3,-3
22399,3,0,3,3
22400,2,3,1,-1
22401,4,9,5,-5
22402,3,7,4,-4
22403,9,6,3,3
22404,2,3,1,-1
22405,5,0,5,5
22406,2,1,1,1
22407,3,5,2,-2
22408,3,10,7,-7
22409,0,9,9,-9
22410,10,1,9,9
22411,4,5,1,-1
22412,3,2,1,1
22413,9,1,8,8
22414,2,3,1,-1
22415,1,4,3,-3
22416,11,12,1,-1
22417,6,0,6,6
22418,4,17,13,-13
22419,0,5,5,-5
22420,13,0,13,13
22421,2,4,2,-2
22422,1,3,2,-2
22423,3,0,3,3
22424,2,1,1,1
22425,7,0,7,7
22426,2,12,10,-10
22427,0,5,5,-5
22428,2,11,9,-9
22429,7,0,7,7
22430,2,1,1,1
22431,8,3,5,5
22432,1,14,13,-13
22433,0,3,3,-3
22434,1,5,4,-4
22435,0,6,6,-6
22436,3,4,1,-1
22437,4,3,1,1
22438,3,4,1,-1
22439,6,4,2,2
22440,1,2,1,-1
22441,4,3,1,1
22442,5,2,3,3
22443,1,4,3,-3
22444,5,4,1,1
22445,2,1,1,1
22446,7,2,5,5
22447,5,9,4,-4
22448,4,11,7,-7
22449,7,0,7,7
22450,5,3,2,2
22451,3,8,5,-5
22452,2,3,1,-1
22453,2,7,5,-5
22454,7,2,5,5
22455,5,3,2,2
22456,1,4,3,-3
22457,7,10,3,-3
22458,0,6,6,-6
22459,5,6,1,-1
22460,10,6,4,4
22461,1,5,4,-4
22462,2,11,9,-9
22463,5,15,10,-10
22464,6,1,5,5
22465,5,3,2,2
22466,5,3,2,2
22467,7,1,6,6
22468,5,1,4,4
22469,3,9,6,-6
22470,4,7,3,-3
22471,2,5,3,-3
22472,8,1,7,7
22473,5,4,1,1
22474,5,6,1,-1
22475,6,2,4,4
22476,14,3,11,11
22477,3,1,2,2
22478,3,6,3,-3
22479,4,0,4,4
22480,6,1,5,5
22481,7,3,4,4
22482,6,2,4,4
22483,5,4,1,1
22484,9,0,9,9
22485,11,4,7,7
22486,5,11,6,-6
22487,3,4,1,-1
22488,3,4,1,-1
22489,1,11,10,-10
22490,0,4,4,-4
22491,5,6,1,-1
22492,0,2,2,-2
22493,1,0,1,1
22494,5,2,3,3
22495,3,4,1,-1
22496,1,5,4,-4
22497,5,6,1,-1
22498,5,1,4,4
22499,6,1,5,5
22500,7,8,1,-1
22501,3,5,2,-2
22502,1,3,2,-2
22503,2,10,8,-8
22504,2,4,2,-2
22505,11,3,8,8
22506,3,4,1,-1
22507,6,7,1,-1
22508,2,4,2,-2
22509,7,14,7,-7
22510,17,3,14,14
22511,16,1,15,15
22512,11,6,5,5
22513,0,7,7,-7
22514,8,12,4,-4
22515,6,0,6,6
22516,6,8,2,-2
22517,4,5,1,-1
22518,5,3,2,2
22519,14,6,8,8
22520,2,5,3,-3
22521,3,1,2,2
22522,10,2,8,8
22523,5,1,4,4
22524,7,2,5,5
22525,3,4,1,-1
22526,7,1,6,6
22527,3,7,4,-4
22528,8,5,3,3
22529,3,4,1,-1
22530,0,4,4,-4
22531,0,2,2,-2
22532,1,2,1,-1
22533,7,2,5,5
22534,2,5,3,-3
22535,3,6,3,-3
22536,7,3,4,4
22537,1,4,3,-3
22538,1,4,3,-3
22539,4,1,3,3
22540,2,1,1,1
22541,18,4,14,14
22542,8,2,6,6
22543,3,2,1,1
22544,3,2,1,1
22545,8,3,5,5
22546,0,3,3,-3
22547,5,7,2,-2
22548,6,4,2,2
22549,6,5,1,1
22550,5,1,4,4
22551,3,4,1,-1
22552,5,2,3,3
22553,0,10,10,-10
22554,7,3,4,4
22555,5,13,8,-8
22556,4,7,3,-3
22557,4,5,1,-1
22558,5,4,1,1
22559,3,5,2,-2
22560,1,2,1,-1
22561,4,1,3,3
22562,3,1,2,2
22563,10,7,3,3
22564,6,4,2,2
22565,0,3,3,-3
22566,9,10,1,-1
22567,12,2,10,10
22568,2,3,1,-1
22569,3,0,3,3
22570,5,6,1,-1
22571,5,0,5,5
22572,2,3,1,-1
22573,3,4,1,-1
22574,8,3,5,5
22575,11,4,7,7
22576,5,3,2,2
22577,5,4,1,1
22578,1,5,4,-4
22579,7,3,4,4
22580,3,5,2,-2
22581,3,10,7,-7
22582,4,8,4,-4
22583,9,11,2,-2
22584,1,6,5,-5
22585,9,3,6,6
22586,2,5,3,-3
22587,9,2,7,7
22588,8,2,6,6
22589,3,10,7,-7
22590,7,5,2,2
22591,7,2,5,5
22592,6,3,3,3
22593,9,4,5,5
22594,1,8,7,-7
22595,1,2,1,-1
22596,6,5,1,1
22597,9,7,2,2
22598,4,6,2,-2
22599,6,14,8,-8
22600,5,4,1,1
22601,16,7,9,9
22602,6,5,1,1
22603,7,2,5,5
22604,5,2,3,3
22605,4,0,4,4
22606,8,2,6,6
22607,6,5,1,1
22608,6,8,2,-2
22609,6,4,2,2
22610,9,8,1,1
22611,10,2,8,8
22612,18,2,16,16
22613,5,2,3,3
22614,10,12,2,-2
22615,4,3,1,1
22616,1,3,2,-2
22617,3,4,1,-1
22618,4,11,7,-7
22619,2,6,4,-4
22620,6,3,3,3
22621,6,8,2,-2
22622,9,6,3,3
22623,7,2,5,5
22624,4,5,1,-1
22625,7,2,5,5
22626,10,4,6,6
22627,3,6,3,-3
22628,0,5,5,-5
22629,2,3,1,-1
22630,6,2,4,4
22631,3,4,1,-1
22632,7,3,4,4
22633,6,5,1,1
22634,1,8,7,-7
22635,5,6,1,-1
22636,19,4,15,15
22637,10,2,8,8
22638,7,8,1,-1
22639,1,9,8,-8
22640,3,4,1,-1
22641,11,7,4,4
22642,6,2,4,4
22643,4,3,1,1
22644,6,9,3,-3
22645,6,7,1,-1
22646,6,3,3,3
22647,4,1,3,3
22648,7,8,1,-1
22649,0,7,7,-7
22650,1,7,6,-6
22651,1,10,9,-9
22652,8,5,3,3
22653,1,8,7,-7
22654,3,4,1,-1
22655,5,9,4,-4
22656,3,2,1,1
22657,3,5,2,-2
22658,5,12,7,-7
22659,1,2,1,-1
22660,5,6,1,-1
22661,5,4,1,1
22662,2,5,3,-3
22663,5,8,3,-3
22664,2,6,4,-4
22665,3,8,5,-5
22666,5,4,1,1
22667,6,11,5,-5
22668,2,6,4,-4
22669,7,3,4,4
22670,3,11,8,-8
22671,3,4,1,-1
22672,3,0,3,3
22673,7,5,2,2
22674,3,4,1,-1
22675,6,9,3,-3
22676,3,5,2,-2
22677,5,4,1,1
22678,6,4,2,2
22679,11,4,7,7
22680,1,3,2,-2
22681,14,4,10,10
22682,7,2,5,5
22683,4,5,1,-1
22684,8,9,1,-1
22685,2,4,2,-2
22686,4,11,7,-7
22687,4,2,2,2
22688,14,9,5,5
22689,7,8,1,-1
22690,2,1,1,1
22691,0,7,7,-7
22692,12,7,5,5
22693,8,7,1,1
22694,3,4,1,-1
22695,10,11,1,-1
22696,0,2,2,-2
22697,3,1,2,2
22698,5,3,2,2
22699,11,5,6,6
22700,4,10,6,-6
22701,9,3,6,6
22702,3,14,11,-11
22703,4,2,2,2
22704,5,4,1,1
22705,8,2,6,6
22706,3,9,6,-6
22707,6,13,7,-7
22708,3,6,3,-3
22709,4,9,5,-5
22710,2,5,3,-3
22711,1,2,1,-1
22712,6,9,3,-3
22713,1,6,5,-5
22714,1,4,3,-3
22715,3,2,1,1
22716,3,4,1,-1
22717,5,3,2,2
22718,2,6,4,-4
22719,5,6,1,-1
22720,5,10,5,-5
22721,5,2,3,3
22722,2,4,2,-2
22723,3,4,1,-1
22724,12,10,2,2
22725,9,3,6,6
22726,4,7,3,-3
22727,8,2,6,6
22728,5,2,3,3
22729,3,5,2,-2
22730,5,1,4,4
22731,6,3,3,3
22732,6,2,4,4
22733,2,6,4,-4
22734,1,7,6,-6
22735,4,7,3,-3
22736,4,1,3,3
22737,1,5,4,-4
22738,0,8,8,-8
22739,4,2,2,2
22740,9,3,6,6
22741,1,2,1,-1
22742,8,1,7,7
22743,0,2,2,-2
22744,8,5,3,3
22745,6,4,2,2
22746,13,3,10,10
22747,9,7,2,2
22748,1,5,4,-4
22749,3,1,2,2
22750,1,8,7,-7
22751,2,8,6,-6
22752,4,2,2,2
22753,9,0,9,9
22754,3,6,3,-3
22755,16,0,16,16
22756,9,3,6,6
22757,12,5,7,7
22758,9,6,3,3
22759,4,1,3,3
22760,5,9,4,-4
22761,4,2,2,2
22762,2,5,3,-3
22763,6,9,3,-3
22764,8,3,5,5
22765,11,5,6,6
22766,12,11,1,1
22767,3,4,1,-1
22768,2,3,1,-1
22769,8,9,1,-1
22770,8,3,5,5
22771,0,7,7,-7
22772,4,7,3,-3
22773,7,5,2,2
22774,4,6,2,-2
22775,9,10,1,-1
22776,7,9,2,-2
22777,4,0,4,4
22778,8,0,8,8
22779,1,14,13,-13
22780,1,2,1,-1
22781,7,11,4,-4
22782,3,1,2,2
22783,1,5,4,-4
22784,3,7,4,-4
22785,1,6,5,-5
22786,4,5,1,-1
22787,1,3,2,-2
22788,7,4,3,3
22789,5,4,1,1
22790,6,1,5,5
22791,7,5,2,2
22792,8,7,1,1
22793,3,4,1,-1
22794,6,2,4,4
22795,1,3,2,-2
22796,7,1,6,6
22797,4,10,6,-6
22798,5,1,4,4
22799,2,4,2,-2
22800,4,5,1,-1
22801,1,2,1,-1
22802,6,2,4,4
22803,5,1,4,4
22804,2,5,3,-3
22805,6,3,3,3
22806,3,4,1,-1
22807,4,6,2,-2
22808,5,3,2,2
22809,8,2,6,6
22810,4,9,5,-5
22811,1,0,1,1
22812,3,5,2,-2
22813,3,5,2,-2
22814,1,4,3,-3
22815,4,1,3,3
22816,7,2,5,5
22817,3,12,9,-9
22818,9,2,7,7
22819,1,5,4,-4
22820,4,8,4,-4
22821,3,9,6,-6
22822,4,1,3,3
22823,2,0,2,2
22824,5,10,5,-5
22825,1,3,2,-2
22826,6,0,6,6
22827,1,5,4,-4
22828,7,6,1,1
22829,2,5,3,-3
22830,1,6,5,-5
22831,4,3,1,1
22832,5,2,3,3
22833,1,0,1,1
22834,9,3,6,6
22835,6,1,5,5
22836,7,6,1,1
22837,12,2,10,10
22838,0,4,4,-4
22839,5,2,3,3
22840,9,8,1,1
22841,8,2,6,6
22842,7,13,6,-6
22843,5,6,1,-1
22844,4,1,3,3
22845,13,8,5,5
22846,3,5,2,-2
22847,4,3,1,1
22848,12,1,11,11
22849,2,6,4,-4
22850,5,7,2,-2
22851,3,10,7,-7
22852,7,1,6,6
22853,4,7,3,-3
22854,5,6,1,-1
22855,3,5,2,-2
22856,2,4,2,-2
22857,9,5,4,4
22858,5,7,2,-2
22859,1,2,1,-1
22860,8,10,2,-2
22861,2,3,1,-1
22862,5,6,1,-1
22863,5,12,7,-7
22864,10,4,6,6
22865,4,3,1,1
22866,7,8,1,-1
22867,10,1,9,9
22868,0,9,9,-9
22869,2,0,2,2
22870,2,4,2,-2
22871,8,6,2,2
22872,3,4,1,-1
22873,7,2,5,5
22874,6,3,3,3
22875,3,2,1,1
22876,9,6,3,3
22877,6,2,4,4
22878,5,6,1,-1
22879,6,9,3,-3
22880,3,7,4,-4
22881,5,4,1,1
22882,5,0,5,5
22883,12,3,9,9
22884,6,7,1,-1
22885,4,5,1,-1
22886,3,7,4,-4
22887,5,10,5,-5
22888,5,3,2,2
22889,8,9,1,-1
22890,7,1,6,6
22891,16,12,4,4
22892,3,5,2,-2
22893,11,0,11,11
22894,9,5,4,4
22895,3,5,2,-2
22896,3,7,4,-4
22897,13,2,11,11
22898,2,10,8,-8
22899,13,4,9,9
22900,2,15,13,-13
22901,0,2,2,-2
22902,9,2,7,7
22903,4,9,5,-5
22904,6,5,1,1
22905,4,3,1,1
22906,8,14,6,-6
22907,2,1,1,1
22908,3,4,1,-1
22909,7,8,1,-1
22910,7,8,1,-1
22911,10,3,7,7
22912,7,2,5,5
22913,8,4,4,4
22914,4,2,2,2
22915,2,7,5,-5
22916,4,5,1,-1
22917,2,11,9,-9
22918,5,3,2,2
22919,1,15,14,-14
22920,3,11,8,-8
22921,14,13,1,1
22922,2,3,1,-1
22923,5,4,1,1
22924,4,3,1,1
22925,5,3,2,2
22926,5,15,10,-10
22927,8,6,2,2
22928,10,3,7,7
22929,8,0,8,8
22930,12,0,12,12
22931,8,6,2,2
22932,6,3,3,3
22933,5,6,1,-1
22934,3,12,9,-9
22935,2,3,1,-1
22936,3,2,1,1
22937,0,2,2,-2
22938,0,5,5,-5
22939,2,0,2,2
22940,0,3,3,-3
22941,2,3,1,-1
22942,6,4,2,2
22943,2,7,5,-5
22944,10,5,5,5
22945,8,1,7,7
22946,10,2,8,8
22947,3,1,2,2
22948,3,4,1,-1
22949,0,9,9,-9
22950,5,4,1,1
22951,1,4,3,-3
22952,6,0,6,6
22953,3,4,1,-1
22954,3,6,3,-3
22955,2,16,14,-14
22956,9,0,9,9
22957,10,3,7,7
22958,3,1,2,2
22959,6,4,2,2
22960,2,7,5,-5
22961,3,7,4,-4
22962,2,3,1,-1
22963,2,9,7,-7
22964,7,8,1,-1
22965,7,8,1,-1
22966,1,2,1,-1
22967,2,6,4,-4
22968,0,2,2,-2
22969,9,4,5,5
22970,1,12,11,-11
22971,3,8,5,-5
22972,2,8,6,-6
22973,10,4,6,6
22974,11,6,5,5
22975,6,4,2,2
22976,4,7,3,-3
22977,8,9,1,-1
22978,7,1,6,6
22979,7,6,1,1
22980,4,7,3,-3
22981,1,4,3,-3
22982,6,10,4,-4
22983,4,5,1,-1
22984,2,5,3,-3
22985,2,4,2,-2
22986,5,7,2,-2
22987,11,5,6,6
22988,5,4,1,1
22989,2,4,2,-2
22990,11,7,4,4
22991,2,1,1,1
22992,1,2,1,-1
22993,1,5,4,-4
22994,3,4,1,-1
22995,5,7,2,-2
22996,6,7,1,-1
22997,8,7,1,1
22998,1,4,3,-3
22999,5,3,2,2
23000,9,10,1,-1
23001,5,4,1,1
23002,7,4,3,3
23003,10,2,8,8
23004,4,5,1,-1
23005,5,6,1,-1
23006,5,3,2,2
23007,3,6,3,-3
23008,2,4,2,-2
23009,13,9,4,4
23010,8,7,1,1
23011,0,2,2,-2
23012,5,3,2,2
23013,5,7,2,-2
23014,2,4,2,-2
23015,8,4,4,4
23016,5,6,1,-1
23017,2,3,1,-1
23018,3,5,2,-2
23019,3,6,3,-3
23020,5,7,2,-2
23021,6,4,2,2
23022,10,11,1,-1
23023,6,4,2,2
23024,4,3,1,1
23025,6,1,5,5
23026,3,8,5,-5
23027,1,6,5,-5
23028,9,4,5,5
23029,8,2,6,6
23030,3,13,10,-10
23031,4,7,3,-3
23032,5,8,3,-3
23033,3,8,5,-5
23034,7,13,6,-6
23035,2,0,2,2
23036,5,6,1,-1
23037,2,3,1,-1
23038,8,10,2,-2
23039,3,2,1,1
23040,3,2,1,1
23041,6,1,5,5
23042,8,3,5,5
23043,5,7,2,-2
23044,2,4,2,-2
23045,7,3,4,4
23046,1,5,4,-4
23047,8,3,5,5
23048,3,6,3,-3
23049,8,6,2,2
23050,5,3,2,2
23051,1,5,4,-4
23052,4,9,5,-5
23053,3,4,1,-1
23054,2,8,6,-6
23055,5,3,2,2
23056,7,5,2,2
23057,4,2,2,2
23058,4,5,1,-1
23059,6,3,3,3
23060,2,0,2,2
23061,1,5,4,-4
23062,10,5,5,5
23063,8,7,1,1
23064,3,5,2,-2
23065,4,1,3,3
23066,14,2,12,12
23067,4,6,2,-2
23068,7,8,1,-1
23069,7,9,2,-2
23070,12,8,4,4
23071,8,5,3,3
23072,2,4,2,-2
23073,3,6,3,-3
23074,5,1,4,4
23075,3,8,5,-5
23076,3,1,2,2
23077,10,0,10,10
23078,5,2,3,3
23079,3,6,3,-3
23080,9,13,4,-4
23081,2,6,4,-4
23082,3,2,1,1
23083,6,2,4,4
23084,1,3,2,-2
23085,3,6,3,-3
23086,7,2,5,5
23087,0,13,13,-13
23088,4,6,2,-2
23089,3,1,2,2
23090,1,2,1,-1
23091,5,0,5,5
23092,2,6,4,-4
23093,6,0,6,6
23094,3,5,2,-2
23095,6,9,3,-3
23096,1,3,2,-2
23097,5,4,1,1
23098,2,12,10,-10
23099,4,3,1,1
23100,4,0,4,4
23101,0,13,13,-13
23102,17,13,4,4
23103,10,3,7,7
23104,5,7,2,-2
23105,5,6,1,-1
23106,2,5,3,-3
23107,5,7,2,-2
23108,6,8,2,-2
23109,10,5,5,5
23110,13,6,7,7
23111,1,2,1,-1
23112,5,8,3,-3
23113,5,3,2,2
23114,4,10,6,-6
23115,12,3,9,9
23116,2,0,2,2
23117,12,8,4,4
23118,3,4,1,-1
23119,2,1,1,1
23120,1,6,5,-5
23121,2,6,4,-4
23122,7,6,1,1
23123,8,6,2,2
23124,5,18,13,-13
23125,13,2,11,11
23126,3,6,3,-3
23127,4,11,7,-7
23128,2,0,2,2
23129,4,5,1,-1
23130,9,8,1,1
23131,4,5,1,-1
23132,2,4,2,-2
23133,1,5,4,-4
23134,10,4,6,6
23135,2,3,1,-1
23136,9,5,4,4
23137,6,8,2,-2
23138,4,5,1,-1
23139,3,6,3,-3
23140,9,4,5,5
23141,10,6,4,4
23142,2,9,7,-7
23143,0,3,3,-3
23144,4,2,2,2
23145,4,5,1,-1
23146,5,1,4,4
23147,5,6,1,-1
23148,7,5,2,2
23149,1,3,2,-2
23150,5,7,2,-2
23151,6,9,3,-3
23152,4,0,4,4
23153,4,3,1,1
23154,5,2,3,3
23155,9,6,3,3
23156,6,2,4,4
23157,3,6,3,-3
23158,6,12,6,-6
23159,0,1,1,-1
23160,1,5,4,-4
23161,11,3,8,8
23162,2,5,3,-3
23163,11,5,6,6
23164,8,4,4,4
23165,2,7,5,-5
23166,5,4,1,1
23167,8,4,4,4
23168,3,9,6,-6
23169,8,7,1,1
23170,0,8,8,-8
23171,0,1,1,-1
23172,3,2,1,1
23173,7,2,5,5
23174,7,6,1,1
23175,9,4,5,5
23176,7,4,3,3
23177,9,6,3,3
23178,5,4,1,1
23179,6,15,9,-9
23180,5,2,3,3
23181,8,4,4,4
23182,4,1,3,3
23183,2,4,2,-2
23184,5,4,1,1
23185,7,2,5,5
23186,3,1,2,2
23187,5,6,1,-1
23188,2,12,10,-10
23189,4,8,4,-4
23190,0,6,6,-6
23191,6,3,3,3
23192,10,6,4,4
23193,0,4,4,-4
23194,4,7,3,-3
23195,3,6,3,-3
23196,3,4,1,-1
23197,8,1,7,7
23198,3,5,2,-2
23199,3,4,1,-1
23200,11,1,10,10
23201,5,3,2,2
23202,8,3,5,5
23203,5,6,1,-1
23204,0,1,1,-1
23205,2,5,3,-3
23206,1,3,2,-2
23207,6,3,3,3
23208,10,11,1,-1
23209,4,1,3,3
23210,7,4,3,3
23211,1,2,1,-1
23212,1,6,5,-5
23213,0,5,5,-5
23214,3,4,1,-1
23215,2,3,1,-1
23216,4,8,4,-4
23217,10,7,3,3
23218,4,0,4,4
23219,5,3,2,2
23220,4,2,2,2
23221,0,13,13,-13
23222,16,4,12,12
23223,1,8,7,-7
23224,5,3,2,2
23225,5,8,3,-3
23226,0,4,4,-4
23227,1,5,4,-4
23228,8,9,1,-1
23229,4,10,6,-6
23230,17,9,8,8
23231,4,2,2,2
23232,4,5,1,-1
23233,4,3,1,1
23234,7,5,2,2
23235,2,4,2,-2
23236,2,9,7,-7
23237,1,2,1,-1
23238,12,4,8,8
23239,11,2,9,9
23240,6,2,4,4
23241,1,4,3,-3
23242,2,1,1,1
23243,2,13,11,-11
23244,7,6,1,1
23245,3,8,5,-5
23246,9,10,1,-1
23247,6,2,4,4
23248,8,3,5,5
23249,3,4,1,-1
23250,4,1,3,3
23251,2,5,3,-3
23252,3,6,3,-3
23253,4,1,3,3
23254,7,4,3,3
23255,3,4,1,-1
23256,12,8,4,4
23257,2,4,2,-2
23258,2,3,1,-1
23259,12,4,8,8
23260,6,3,3,3
23261,19,2,17,17
23262,2,1,1,1
23263,4,2,2,2
23264,16,2,14,14
23265,0,7,7,-7
23266,6,9,3,-3
23267,8,10,2,-2
23268,6,8,2,-2
23269,2,5,3,-3
23270,5,4,1,1
23271,3,4,1,-1
23272,8,4,4,4
23273,7,12,5,-5
23274,1,13,12,-12
23275,8,9,1,-1
23276,3,1,2,2
23277,2,7,5,-5
23278,8,1,7,7
23279,10,4,6,6
23280,0,8,8,-8
23281,0,11,11,-11
23282,3,2,1,1
23283,3,8,5,-5
23284,2,9,7,-7
23285,9,2,7,7
23286,2,5,3,-3
23287,11,8,3,3
23288,3,2,1,1
23289,4,5,1,-1
23290,7,2,5,5
23291,5,6,1,-1
23292,11,2,9,9
23293,2,9,7,-7
23294,4,5,1,-1
23295,2,7,5,-5
23296,5,7,2,-2
23297,14,4,10,10
23298,2,10,8,-8
23299,19,4,15,15
23300,5,1,4,4
23301,13,4,9,9
23302,7,4,3,3
23303,3,4,1,-1
23304,6,7,1,-1
23305,2,3,1,-1
23306,6,2,4,4
23307,0,5,5,-5
23308,3,6,3,-3
23309,5,6,1,-1
23310,3,6,3,-3
23311,2,6,4,-4
23312,1,5,4,-4
23313,7,10,3,-3
23314,3,4,1,-1
23315,5,6,1,-1
23316,12,11,1,1
23317,1,2,1,-1
23318,6,1,5,5
23319,0,1,1,-1
23320,2,11,9,-9
23321,5,10,5,-5
23322,12,1,11,11
23323,3,4,1,-1
23324,5,3,2,2
23325,2,8,6,-6
23326,0,10,10,-10
23327,9,2,7,7
23328,8,3,5,5
23329,5,3,2,2
23330,5,6,1,-1
23331,2,3,1,-1
23332,6,10,4,-4
23333,1,5,4,-4
23334,11,4,7,7
23335,17,6,11,11
23336,1,0,1,1
23337,7,5,2,2
23338,1,6,5,-5
23339,5,4,1,1
23340,5,11,6,-6
23341,6,2,4,4
23342,2,1,1,1
23343,7,4,3,3
23344,1,7,6,-6
23345,5,1,4,4
23346,3,1,2,2
23347,0,9,9,-9
23348,2,1,1,1
23349,2,3,1,-1
23350,0,5,5,-5
23351,4,5,1,-1
23352,3,4,1,-1
23353,3,5,2,-2
23354,6,7,1,-1
23355,8,4,4,4
23356,9,3,6,6
23357,2,4,2,-2
23358,3,6,3,-3
23359,6,5,1,1
23360,6,5,1,1
23361,4,5,1,-1
23362,1,9,8,-8
23363,1,11,10,-10
23364,6,8,2,-2
23365,3,7,4,-4
23366,9,4,5,5
23367,7,3,4,4
23368,7,2,5,5
23369,5,4,1,1
23370,5,4,1,1
23371,14,6,8,8
23372,2,5,3,-3
23373,4,3,1,1
23374,4,5,1,-1
23375,1,11,10,-10
23376,5,1,4,4
23377,3,2,1,1
23378,4,3,1,1
23379,14,12,2,2
23380,7,2,5,5
23381,5,4,1,1
23382,1,2,1,-1
23383,2,5,3,-3
23384,2,0,2,2
23385,3,2,1,1
23386,4,5,1,-1
23387,7,2,5,5
23388,14,8,6,6
23389,4,1,3,3
23390,2,3,1,-1
23391,0,2,2,-2
23392,2,0,2,2
23393,4,0,4,4
23394,2,4,2,-2
23395,10,7,3,3
23396,3,5,2,-2
23397,2,3,1,-1
23398,4,0,4,4
23399,0,4,4,-4
23400,6,3,3,3
23401,8,7,1,1
23402,10,8,2,2
23403,3,19,16,-16
23404,10,3,7,7
23405,5,4,1,1
23406,11,3,8,8
23407,2,10,8,-8
23408,12,2,10,10
23409,2,3,1,-1
23410,2,3,1,-1
23411,3,6,3,-3
23412,9,2,7,7
23413,2,1,1,1
23414,3,5,2,-2
23415,4,2,2,2
23416,9,3,6,6
23417,5,10,5,-5
23418,6,2,4,4
23419,8,3,5,5
23420,5,2,3,3
23421,2,3,1,-1
23422,3,1,2,2
23423,1,3,2,-2
23424,9,2,7,7
23425,3,5,2,-2
23426,0,3,3,-3
23427,15,7,8,8
23428,1,5,4,-4
23429,8,2,6,6
23430,9,3,6,6
23431,8,7,1,1
23432,5,9,4,-4
23433,1,5,4,-4
23434,9,1,8,8
23435,4,5,1,-1
23436,1,8,7,-7
23437,9,10,1,-1
23438,2,3,1,-1
23439,1,5,4,-4
23440,11,4,7,7
23441,7,8,1,-1
23442,4,9,5,-5
23443,7,6,1,1
23444,6,2,4,4
23445,4,11,7,-7
23446,4,5,1,-1
23447,9,6,3,3
23448,11,1,10,10
23449,6,9,3,-3
23450,5,6,1,-1
23451,2,3,1,-1
23452,10,9,1,1
23453,6,11,5,-5
23454,1,9,8,-8
23455,6,11,5,-5
23456,1,8,7,-7
23457,3,6,3,-3
23458,7,2,5,5
23459,7,3,4,4
23460,11,4,7,7
23461,9,4,5,5
23462,2,1,1,1
23463,2,4,2,-2
23464,8,5,3,3
23465,1,2,1,-1
23466,11,8,3,3
23467,1,6,5,-5
23468,6,5,1,1
23469,5,2,3,3
23470,2,0,2,2
23471,9,2,7,7
23472,4,2,2,2
23473,2,3,1,-1
23474,8,5,3,3
23475,1,4,3,-3
23476,5,1,4,4
23477,7,4,3,3
23478,5,1,4,4
23479,2,0,2,2
23480,5,4,1,1
23481,9,1,8,8
23482,8,5,3,3
23483,4,2,2,2
23484,4,10,6,-6
23485,4,1,3,3
23486,5,7,2,-2
23487,4,2,2,2
23488,7,9,2,-2
23489,1,4,3,-3
23490,2,8,6,-6
23491,4,5,1,-1
23492,2,10,8,-8
23493,0,8,8,-8
23494,11,2,9,9
23495,9,4,5,5
23496,4,0,4,4
23497,7,1,6,6
23498,3,5,2,-2
23499,3,0,3,3
23500,5,2,3,3
23501,2,6,4,-4
23502,4,5,1,-1
23503,5,2,3,3
23504,4,3,1,1
23505,4,8,4,-4
23506,5,2,3,3
23507,3,7,4,-4
23508,2,10,8,-8
23509,9,11,2,-2
23510,2,4,2,-2
23511,4,5,1,-1
23512,7,18,11,-11
23513,4,5,1,-1
23514,1,4,3,-3
23515,6,5,1,1
23516,1,4,3,-3
23517,2,3,1,-1
23518,7,5,2,2
23519,4,6,2,-2
23520,2,7,5,-5
23521,0,9,9,-9
23522,3,11,8,-8
23523,2,9,7,-7
23524,4,6,2,-2
23525,3,8,5,-5
23526,6,8,2,-2
23527,4,5,1,-1
23528,5,7,2,-2
23529,6,4,2,2
23530,2,7,5,-5
23531,2,6,4,-4
23532,10,11,1,-1
23533,10,5,5,5
23534,13,2,11,11
23535,5,6,1,-1
23536,2,6,4,-4
23537,1,3,2,-2
23538,0,3,3,-3
23539,4,7,3,-3
23540,2,4,2,-2
23541,2,7,5,-5
23542,4,9,5,-5
23543,7,3,4,4
23544,5,6,1,-1
23545,4,7,3,-3
23546,0,8,8,-8
23547,2,6,4,-4
23548,4,5,1,-1
23549,9,7,2,2
23550,4,0,4,4
23551,9,6,3,3
23552,5,7,2,-2
23553,1,0,1,1
23554,7,4,3,3
23555,3,5,2,-2
23556,2,0,2,2
23557,4,8,4,-4
23558,11,4,7,7
23559,4,8,4,-4
23560,1,3,2,-2
23561,0,5,5,-5
23562,4,3,1,1
23563,5,3,2,2
23564,9,4,5,5
23565,6,2,4,4
23566,5,3,2,2
23567,6,10,4,-4
23568,6,11,5,-5
23569,12,7,5,5
23570,9,4,5,5
23571,6,7,1,-1
23572,1,6,5,-5
23573,1,10,9,-9
23574,1,2,1,-1
23575,2,7,5,-5
23576,8,3,5,5
23577,4,1,3,3
23578,14,2,12,12
23579,4,5,1,-1
23580,0,2,2,-2
23581,1,5,4,-4
23582,8,1,7,7
23583,3,14,11,-11
23584,11,7,4,4
23585,2,3,1,-1
23586,4,3,1,1
23587,12,5,7,7
23588,2,9,7,-7
23589,3,9,6,-6
23590,0,5,5,-5
23591,0,3,3,-3
23592,8,10,2,-2
23593,7,5,2,2
23594,12,6,6,6
23595,2,5,3,-3
23596,3,2,1,1
23597,8,4,4,4
23598,5,6,1,-1
23599,6,7,1,-1
23600,1,7,6,-6
23601,9,6,3,3
23602,2,6,4,-4
23603,3,2,1,1
23604,4,16,12,-12
23605,7,0,7,7
23606,2,5,3,-3
23607,6,2,4,4
23608,5,3,2,2
23609,2,8,6,-6
23610,1,10,9,-9
23611,0,4,4,-4
23612,6,7,1,-1
23613,2,3,1,-1
23614,3,4,1,-1
23615,5,8,3,-3
23616,1,3,2,-2
23617,1,3,2,-2
23618,23,2,21,21
23619,12,4,8,8
23620,2,3,1,-1
23621,7,0,7,7
23622,1,4,3,-3
23623,5,4,1,1
23624,4,5,1,-1
23625,6,3,3,3
23626,3,9,6,-6
23627,5,4,1,1
23628,1,0,1,1
23629,7,4,3,3
23630,8,3,5,5
23631,6,9,3,-3
23632,9,11,2,-2
23633,7,8,1,-1
23634,5,4,1,1
23635,2,0,2,2
23636,10,2,8,8
23637,7,3,4,4
23638,1,0,1,1
23639,1,0,1,1
23640,8,6,2,2
23641,10,4,6,6
23642,6,7,1,-1
23643,10,2,8,8
23644,5,6,1,-1
23645,5,8,3,-3
23646,8,11,3,-3
23647,4,19,15,-15
23648,3,5,2,-2
23649,9,3,6,6
23650,15,1,14,14
23651,7,5,2,2
23652,2,4,2,-2
23653,7,5,2,2
23654,2,3,1,-1
23655,1,3,2,-2
23656,10,7,3,3
23657,6,2,4,4
23658,1,4,3,-3
23659,7,6,1,1
23660,11,6,5,5
23661,2,0,2,2
23662,3,8,5,-5
23663,0,3,3,-3
23664,4,6,2,-2
23665,6,7,1,-1
23666,9,1,8,8
23667,5,6,1,-1
23668,1,11,10,-10
23669,2,7,5,-5
23670,9,5,4,4
23671,7,17,10,-10
23672,4,7,3,-3
23673,9,13,4,-4
23674,5,1,4,4
23675,2,3,1,-1
23676,6,0,6,6
23677,5,6,1,-1
23678,7,3,4,4
23679,7,0,7,7
23680,10,8,2,2
23681,1,2,1,-1
23682,7,13,6,-6
23683,5,7,2,-2
23684,7,8,1,-1
23685,7,2,5,5
23686,19,5,14,14
23687,6,7,1,-1
23688,13,6,7,7
23689,10,9,1,1
23690,8,3,5,5
23691,13,4,9,9
23692,0,3,3,-3
23693,4,8,4,-4
23694,2,3,1,-1
23695,1,2,1,-1
23696,7,2,5,5
23697,1,9,8,-8
23698,1,4,3,-3
23699,2,3,1,-1
23700,2,3,1,-1
23701,2,0,2,2
23702,4,3,1,1
23703,3,7,4,-4
23704,11,6,5,5
23705,3,4,1,-1
23706,1,6,5,-5
23707,4,11,7,-7
23708,5,3,2,2
23709,2,0,2,2
23710,15,14,1,1
23711,5,6,1,-1
23712,0,4,4,-4
23713,4,1,3,3
23714,5,6,1,-1
23715,4,8,4,-4
23716,0,1,1,-1
23717,12,7,5,5
23718,4,3,1,1
23719,1,6,5,-5
23720,3,5,2,-2
23721,5,4,1,1
23722,6,7,1,-1
23723,3,2,1,1
23724,7,1,6,6
23725,8,16,8,-8
23726,2,9,7,-7
23727,7,13,6,-6
23728,11,5,6,6
23729,8,4,4,4
23730,4,1,3,3
23731,4,5,1,-1
23732,6,3,3,3
23733,7,0,7,7
23734,3,5,2,-2
23735,3,2,1,1
23736,13,0,13,13
23737,0,3,3,-3
23738,5,4,1,1
23739,4,5,1,-1
23740,6,4,2,2
23741,9,3,6,6
23742,7,8,1,-1
23743,7,8,1,-1
23744,1,5,4,-4
23745,3,5,2,-2
23746,2,3,1,-1
23747,3,16,13,-13
23748,2,9,7,-7
23749,1,4,3,-3
23750,4,9,5,-5
23751,1,4,3,-3
23752,3,2,1,1
23753,3,6,3,-3
23754,4,14,10,-10
23755,2,6,4,-4
23756,7,4,3,3
23757,5,1,4,4
23758,2,3,1,-1
23759,7,2,5,5
23760,0,5,5,-5
23761,11,12,1,-1
23762,2,4,2,-2
23763,1,2,1,-1
23764,3,4,1,-1
23765,11,1,10,10
23766,5,3,2,2
23767,1,8,7,-7
23768,5,2,3,3
23769,2,1,1,1
23770,4,0,4,4
23771,4,6,2,-2
23772,6,7,1,-1
23773,7,8,1,-1
23774,2,3,1,-1
23775,0,1,1,-1
23776,2,3,1,-1
23777,0,2,2,-2
23778,7,1,6,6
23779,5,6,1,-1
23780,5,2,3,3
23781,1,6,5,-5
23782,3,6,3,-3
23783,3,5,2,-2
23784,9,3,6,6
23785,10,2,8,8
23786,11,19,8,-8
23787,1,6,5,-5
23788,2,1,1,1
23789,2,3,1,-1
23790,11,0,11,11
23791,3,8,5,-5
23792,7,1,6,6
23793,3,8,5,-5
23794,1,4,3,-3
23795,4,5,1,-1
23796,9,6,3,3
23797,4,7,3,-3
23798,7,2,5,5
23799,1,2,1,-1
23800,9,3,6,6
23801,0,4,4,-4
23802,9,5,4,4
23803,0,14,14,-14
23804,5,4,1,1
23805,0,6,6,-6
23806,1,7,6,-6
23807,4,0,4,4
23808,2,4,2,-2
23809,2,5,3,-3
23810,5,8,3,-3
23811,10,5,5,5
23812,7,5,2,2
23813,7,5,2,2
23814,5,1,4,4
23815,2,3,1,-1
23816,5,2,3,3
23817,2,1,1,1
23818,8,9,1,-1
23819,1,3,2,-2
23820,4,11,7,-7
23821,3,8,5,-5
23822,0,2,2,-2
23823,9,8,1,1
23824,2,11,9,-9
23825,4,7,3,-3
23826,5,4,1,1
23827,1,3,2,-2
23828,1,3,2,-2
23829,6,3,3,3
23830,12,2,10,10
23831,5,6,1,-1
23832,3,4,1,-1
23833,6,4,2,2
23834,19,4,15,15
23835,5,4,1,1
23836,10,6,4,4
23837,8,5,3,3
23838,6,3,3,3
23839,5,2,3,3
23840,5,4,1,1
23841,9,0,9,9
23842,3,2,1,1
23843,2,0,2,2
23844,2,5,3,-3
23845,3,1,2,2
23846,10,1,9,9
23847,1,15,14,-14
23848,2,1,1,1
23849,7,0,7,7
23850,1,3,2,-2
23851,7,4,3,3
23852,5,0,5,5
23853,1,4,3,-3
23854,10,7,3,3
23855,3,12,9,-9
23856,6,4,2,2
23857,4,8,4,-4
23858,3,0,3,3
23859,8,2,6,6
23860,4,2,2,2
23861,6,8,2,-2
23862,4,6,2,-2
23863,7,3,4,4
23864,9,4,5,5
23865,5,11,6,-6
23866,11,8,3,3
23867,3,4,1,-1
23868,4,1,3,3
23869,5,3,2,2
23870,10,5,5,5
23871,2,0,2,2
23872,9,8,1,1
23873,9,8,1,1
23874,5,3,2,2
23875,4,5,1,-1
23876,7,10,3,-3
23877,1,7,6,-6
23878,9,4,5,5
23879,11,5,6,6
23880,3,8,5,-5
23881,6,7,1,-1
23882,7,6,1,1
23883,13,5,8,8
23884,14,2,12,12
23885,8,2,6,6
23886,0,4,4,-4
23887,3,6,3,-3
23888,7,4,3,3
23889,5,6,1,-1
23890,5,11,6,-6
23891,2,0,2,2
23892,11,4,7,7
23893,6,3,3,3
23894,4,1,3,3
23895,6,10,4,-4
23896,2,3,1,-1
23897,0,7,7,-7
23898,4,10,6,-6
23899,7,10,3,-3
23900,5,7,2,-2
23901,3,4,1,-1
23902,6,9,3,-3
23903,2,3,1,-1
23904,4,6,2,-2
23905,4,3,1,1
23906,3,5,2,-2
23907,4,0,4,4
23908,6,2,4,4
23909,2,5,3,-3
23910,8,4,4,4
23911,3,4,1,-1
23912,5,3,2,2
23913,3,9,6,-6
23914,4,3,1,1
23915,8,3,5,5
23916,4,6,2,-2
23917,4,5,1,-1
23918,2,8,6,-6
23919,11,3,8,8
23920,2,0,2,2
23921,7,14,7,-7
23922,3,6,3,-3
23923,1,5,4,-4
23924,7,1,6,6
23925,9,16,7,-7
23926,3,2,1,1
23927,1,3,2,-2
23928,7,3,4,4
23929,3,11,8,-8
23930,4,3,1,1
23931,7,0,7,7
23932,4,5,1,-1
23933,1,2,1,-1
23934,2,7,5,-5
23935,1,6,5,-5
23936,6,2,4,4
23937,3,5,2,-2
23938,2,4,2,-2
23939,5,4,1,1
23940,0,1,1,-1
23941,10,11,1,-1
23942,6,5,1,1
23943,6,5,1,1
23944,5,6,1,-1
23945,1,10,9,-9
23946,5,7,2,-2
23947,4,2,2,2
23948,0,2,2,-2
23949,1,4,3,-3
23950,5,8,3,-3
23951,3,7,4,-4
23952,5,6,1,-1
23953,9,8,1,1
23954,8,4,4,4
23955,2,6,4,-4
23956,6,8,2,-2
23957,4,5,1,-1
23958,1,4,3,-3
23959,0,4,4,-4
23960,2,4,2,-2
23961,3,4,1,-1
23962,10,5,5,5
23963,10,7,3,3
23964,0,10,10,-10
23965,3,1,2,2
23966,2,1,1,1
23967,7,1,6,6
23968,9,11,2,-2
23969,6,4,2,2
23970,6,10,4,-4
23971,4,6,2,-2
23972,3,4,1,-1
23973,7,5,2,2
23974,5,4,1,1
23975,3,0,3,3
23976,1,7,6,-6
23977,4,5,1,-1
23978,4,9,5,-5
23979,3,2,1,1
23980,7,6,1,1
23981,1,6,5,-5
23982,5,4,1,1
23983,4,7,3,-3
23984,6,2,4,4
23985,5,4,1,1
23986,0,5,5,-5
23987,4,5,1,-1
23988,2,0,2,2
23989,1,0,1,1
23990,7,2,5,5
23991,2,3,1,-1
23992,5,0,5,5
23993,10,1,9,9
23994,0,3,3,-3
23995,9,4,5,5
23996,5,1,4,4
23997,8,7,1,1
23998,1,2,1,-1
23999,3,5,2,-2
24000,2,10,8,-8
24001,3,5,2,-2
24002,9,4,5,5
24003,3,4,1,-1
24004,0,5,5,-5
24005,0,9,9,-9
24006,5,8,3,-3
24007,10,7,3,3
24008,2,0,2,2
24009,1,2,1,-1
24010,10,4,6,6
24011,10,5,5,5
24012,1,5,4,-4
24013,1,21,20,-20
24014,5,2,3,3
24015,1,3,2,-2
24016,3,8,5,-5
24017,8,3,5,5
24018,1,3,2,-2
24019,7,2,5,5
24020,10,2,8,8
24021,6,4,2,2
24022,6,2,4,4
24023,5,0,5,5
24024,0,15,15,-15
24025,1,2,1,-1
24026,4,3,1,1
24027,2,3,1,-1
24028,5,6,1,-1
24029,8,9,1,-1
24030,4,5,1,-1
24031,8,0,8,8
24032,7,3,4,4
24033,3,7,4,-4
24034,11,12,1,-1
24035,21,7,14,14
24036,0,5,5,-5
24037,3,4,1,-1
24038,5,3,2,2
24039,3,4,1,-1
24040,1,2,1,-1
24041,7,5,2,2
24042,0,9,9,-9
24043,3,1,2,2
24044,0,4,4,-4
24045,6,3,3,3
24046,4,3,1,1
24047,3,7,4,-4
24048,8,6,2,2
24049,5,3,2,2
24050,6,2,4,4
24051,3,5,2,-2
24052,9,10,1,-1
24053,0,8,8,-8
24054,10,3,7,7
24055,3,2,1,1
24056,1,11,10,-10
24057,5,9,4,-4
24058,4,1,3,3
24059,4,2,2,2
24060,4,2,2,2
24061,6,3,3,3
24062,10,4,6,6
24063,6,4,2,2
24064,3,2,1,1
24065,12,6,6,6
24066,11,5,6,6
24067,4,6,2,-2
24068,7,4,3,3
24069,4,3,1,1
24070,8,17,9,-9
24071,8,10,2,-2
24072,9,2,7,7
24073,0,1,1,-1
24074,0,10,10,-10
24075,5,0,5,5
24076,11,4,7,7
24077,6,2,4,4
24078,4,1,3,3
24079,9,7,2,2
24080,14,9,5,5
24081,5,6,1,-1
24082,0,1,1,-1
24083,1,14,13,-13
24084,10,11,1,-1
24085,0,3,3,-3
24086,2,1,1,1
24087,4,2,2,2
24088,5,2,3,3
24089,10,1,9,9
24090,3,1,2,2
24091,2,0,2,2
24092,9,5,4,4
24093,4,8,4,-4
24094,6,1,5,5
24095,1,2,1,-1
24096,8,6,2,2
24097,13,3,10,10
24098,3,1,2,2
24099,6,16,10,-10
24100,5,10,5,-5
24101,3,2,1,1
24102,6,3,3,3
24103,1,2,1,-1
24104,7,6,1,1
24105,0,7,7,-7
24106,4,6,2,-2
24107,5,7,2,-2
24108,8,2,6,6
24109,12,3,9,9
24110,10,11,1,-1
24111,6,1,5,5
24112,4,6,2,-2
24113,5,7,2,-2
24114,2,8,6,-6
24115,4,9,5,-5
24116,1,5,4,-4
24117,2,4,2,-2
24118,2,5,3,-3
24119,3,5,2,-2
24120,6,5,1,1
24121,12,6,6,6
24122,5,4,1,1
24123,4,2,2,2
24124,6,1,5,5
24125,5,7,2,-2
24126,1,3,2,-2
24127,6,0,6,6
24128,6,2,4,4
24129,8,5,3,3
24130,7,6,1,1
24131,2,7,5,-5
24132,1,4,3,-3
24133,8,9,1,-1
24134,0,8,8,-8
24135,1,2,1,-1
24136,4,5,1,-1
24137,4,1,3,3
24138,3,2,1,1
24139,7,4,3,3
24140,8,7,1,1
24141,2,1,1,1
24142,4,1,3,3
24143,1,5,4,-4
24144,11,10,1,1
24145,11,3,8,8
24146,1,2,1,-1
24147,2,3,1,-1
24148,3,1,2,2
24149,3,2,1,1
24150,0,1,1,-1
24151,4,5,1,-1
24152,5,4,1,1
24153,1,5,4,-4
24154,6,5,1,1
24155,8,4,4,4
24156,4,5,1,-1
24157,0,7,7,-7
24158,5,8,3,-3
24159,1,9,8,-8
24160,0,6,6,-6
24161,2,1,1,1
24162,8,1,7,7
24163,5,12,7,-7
24164,6,4,2,2
24165,1,10,9,-9
24166,9,0,9,9
24167,3,5,2,-2
24168,2,5,3,-3
24169,10,1,9,9
24170,4,6,2,-2
24171,3,4,1,-1
24172,4,3,1,1
24173,0,8,8,-8
24174,4,5,1,-1
24175,1,8,7,-7
24176,9,8,1,1
24177,2,3,1,-1
24178,4,2,2,2
24179,10,4,6,6
24180,1,10,9,-9
24181,4,2,2,2
24182,7,6,1,1
24183,9,4,5,5
24184,5,3,2,2
24185,8,4,4,4
24186,12,5,7,7
24187,2,7,5,-5
24188,3,12,9,-9
24189,4,5,1,-1
24190,4,1,3,3
24191,3,2,1,1
24192,6,3,3,3
24193,4,7,3,-3
24194,3,5,2,-2
24195,3,4,1,-1
24196,4,6,2,-2
24197,1,2,1,-1
24198,1,10,9,-9
24199,3,6,3,-3
24200,5,13,8,-8
24201,8,12,4,-4
24202,3,8,5,-5
24203,8,3,5,5
24204,7,4,3,3
24205,9,7,2,2
24206,8,4,4,4
24207,2,7,5,-5
24208,4,7,3,-3
24209,10,11,1,-1
24210,2,3,1,-1
24211,4,2,2,2
24212,4,5,1,-1
24213,2,9,7,-7
24214,6,3,3,3
24215,8,5,3,3
24216,1,4,3,-3
24217,5,6,1,-1
24218,2,3,1,-1
24219,11,0,11,11
24220,4,2,2,2
24221,6,9,3,-3
24222,3,0,3,3
24223,1,2,1,-1
24224,12,10,2,2
24225,11,4,7,7
24226,7,9,2,-2
24227,9,2,7,7
24228,3,10,7,-7
24229,2,4,2,-2
24230,6,4,2,2
24231,1,2,1,-1
24232,2,5,3,-3
24233,3,2,1,1
24234,3,8,5,-5
24235,5,1,4,4
24236,10,2,8,8
24237,3,0,3,3
24238,0,4,4,-4
24239,10,3,7,7
24240,2,3,1,-1
24241,5,3,2,2
24242,4,2,2,2
24243,5,9,4,-4
24244,1,0,1,1
24245,3,8,5,-5
24246,3,6,3,-3
24247,3,4,1,-1
24248,0,8,8,-8
24249,10,4,6,6
24250,3,1,2,2
24251,5,7,2,-2
24252,3,6,3,-3
24253,7,11,4,-4
24254,2,4,2,-2
24255,4,5,1,-1
24256,5,6,1,-1
24257,9,2,7,7
24258,8,2,6,6
24259,2,8,6,-6
24260,4,0,4,4
24261,4,1,3,3
24262,6,2,4,4
24263,3,4,1,-1
24264,14,7,7,7
24265,6,2,4,4
24266,5,6,1,-1
24267,2,3,1,-1
24268,0,3,3,-3
24269,3,9,6,-6
24270,4,2,2,2
24271,2,0,2,2
24272,8,6,2,2
24273,7,10,3,-3
24274,6,3,3,3
24275,9,4,5,5
24276,1,7,6,-6
24277,4,3,1,1
24278,4,3,1,1
24279,1,0,1,1
24280,4,9,5,-5
24281,1,4,3,-3
24282,0,1,1,-1
24283,3,4,1,-1
24284,6,7,1,-1
24285,4,3,1,1
24286,3,1,2,2
24287,9,0,9,9
24288,0,9,9,-9
24289,2,8,6,-6
24290,8,5,3,3
24291,4,5,1,-1
24292,3,5,2,-2
24293,4,5,1,-1
24294,1,3,2,-2
24295,1,6,5,-5
24296,3,8,5,-5
